0.038679359992
0.0387834779335
0.0391748638374
0.0657185167821
0.0463873713541
0.0522328513386
0.05100641147
0.102841719594
0.0395019031391
0.0389165298813
0.108654540996
0.0532107827224
0.0540218747374
0.0533085424625
0.0569559959409
0.0538006885152
0.0409967442756
0.0438998270671
0.0464419597678
0.0472158734806
0.0501912529294
0.0463501698524
0.0389271569182
0.0392115108548
0.0588127597473
0.0555381248201
0.0463873713541
0.0465082857875
0.0658150449957
0.066003259019
0.0390783045501
0.0413089380661
0.0689946856594
0.0694687704088
0.0692956121837
0.0691302760016
0.0426604419366
0.0487763446521
0.0493462448886
0.0389341203359
0.037889379354
0.959233853971
0.962224756674
0.953378680739
0.961635682411
0.96167958776
0.960652917133
0.959816873113
0.961730939919
0.959644233995
0.960723980315
0.958909018705
0.957916584455
0.960521632864
0.961190009748
0.961909442272
0.961836290513
0.96081993535
0.959381838307
0.959632935466
0.95122609837
0.961064697273
0.961336660367
0.957522184616
0.960521632864
0.960422412147
0.960572296051
0.961525257625
0.961116767112
0.961764021217
0.961967688901
0.961242227653
0.95859054892
0.961064697273
0.961168468061
0.96110555284
0.96081993535
0.961552725797
0.960705557671
0.956659705678
0.960988488896
0.96308451272
0.953233770298
0.961688682312
0.938185825557
0.91196076918
0.893189793484
0.957068899776
0.93632241878
0.960206068672
0.895708145078
0.891351289285
0.898986645165
0.893364274354
0.920987619794
0.9389092387
0.892102610789
0.932211067711
0.914473291271
0.953672414189
0.90932899757
0.952436016986
0.96289159955
0.900372521301
0.891496896186
0.913219258473
0.916521941482
0.950985421555
0.929548701419
0.952988409551
0.897232023791
0.961679582199
0.959314921291
0.962652385436
0.903824070749
0.89772551014
0.949400971091
0.896171270104
0.9628972989
0.892994309327
0.951233514076
0.927981560332
0.942705486967
0.940368563687
0.893605445739
0.939523161707
0.959653645296
0.962379558269
0.961190990569
0.960681064543
0.96244594813
0.961413442749
0.954365645673
0.962508224156
0.961635682411
0.961190009748
0.96131404772
0.96255455264
0.961811206899
0.954963719677
0.962585459943
0.961151967645
0.891443751116
0.962152301062
0.953062501301
0.96179943158
0.91832093006
0.961342123303
0.961342123303
0.960847253873
0.959832530091
0.961326644211
0.947422315392
0.898980542889
0.941433920558
0.961386818149
0.958278171517
0.958424777735
0.961094514563
0.940394301461
0.958775598401
0.956379295582
0.949744837049
0.960414424204
0.957412714162
0.958179888027
0.93882421731
0.958740799677
0.918249769283
0.938870315165
0.960175311247
0.958336333247
0.953318653023
0.962157378
0.952634448863
0.961082351125
0.961430512429
0.962398189639
0.958633136314
0.960015735574
0.961320822604
0.961249912677
0.957730629039
0.961636473229
0.957509905115
0.958960776101
0.93848999265
0.904673064933
0.960550605754
0.955884717145
0.94996847918
0.946150527168
0.957132568545
0.956014968029
0.958453933734
0.95916154223
0.922340152839
0.958433469708
0.959150631716
0.961052234313
0.938361646574
0.963673001963
0.963167654572
0.953795209686
0.961767521827
0.958997171626
0.960319202713
0.962712676021
0.961911772095
0.960796162436
0.961584745763
0.961511693789
0.959753729971
0.960900864779
0.962805286009
0.960874224713
0.961103237948
0.959094284316
0.959846642331
0.96248668955
0.928330533331
0.898177548778
0.961527419604
0.936465358425
0.961064697273
0.917059819053
0.950943855895
0.891345692869
0.891369452449
0.948528649647
0.963320115217
0.953860391018
0.90168908019
0.946436386747
