2.600000000000000000e+02
5.800000000000000000e+01
0.000000000000000000e+00
4.000000000000000000e+00
2.100000000000000000e+01
3.700000000000000000e+01
2.500000000000000000e+01
0.000000000000000000e+00
0.000000000000000000e+00
3.500000000000000000e+01
3.800000000000000000e+01
1.000000000000000000e+00
0.000000000000000000e+00
2.470000000000000000e+02
0.000000000000000000e+00
2.100000000000000000e+01
5.000000000000000000e+00
1.200000000000000000e+01
1.380000000000000000e+02
3.600000000000000000e+01
1.040000000000000000e+02
2.700000000000000000e+01
1.980000000000000000e+02
0.000000000000000000e+00
1.100000000000000000e+01
1.800000000000000000e+01
5.000000000000000000e+00
0.000000000000000000e+00
2.260000000000000000e+02
0.000000000000000000e+00
0.000000000000000000e+00
1.000000000000000000e+00
0.000000000000000000e+00
0.000000000000000000e+00
1.100000000000000000e+01
0.000000000000000000e+00
0.000000000000000000e+00
1.590000000000000000e+02
0.000000000000000000e+00
6.000000000000000000e+00
0.000000000000000000e+00
6.000000000000000000e+00
2.600000000000000000e+01
1.471900000000000000e+04
3.550000000000000000e+02
0.000000000000000000e+00
3.000000000000000000e+00
4.000000000000000000e+00
5.000000000000000000e+00
4.300000000000000000e+01
2.000000000000000000e+00
6.000000000000000000e+00
8.500000000000000000e+01
6.470000000000000000e+02
9.000000000000000000e+00
0.000000000000000000e+00
0.000000000000000000e+00
0.000000000000000000e+00
6.400000000000000000e+01
2.720000000000000000e+02
6.000000000000000000e+00
0.000000000000000000e+00
2.400000000000000000e+01
1.600000000000000000e+01
1.000000000000000000e+00
1.700000000000000000e+01
2.900000000000000000e+01
1.110000000000000000e+02
0.000000000000000000e+00
4.800000000000000000e+01
2.200000000000000000e+01
9.200000000000000000e+01
2.590000000000000000e+02
0.000000000000000000e+00
3.000000000000000000e+00
5.500000000000000000e+01
1.000000000000000000e+00
5.000000000000000000e+00
0.000000000000000000e+00
0.000000000000000000e+00
1.000000000000000000e+00
1.400000000000000000e+02
0.000000000000000000e+00
3.700000000000000000e+01
0.000000000000000000e+00
2.190000000000000000e+02
0.000000000000000000e+00
0.000000000000000000e+00
0.000000000000000000e+00
1.190000000000000000e+02
0.000000000000000000e+00
1.000000000000000000e+00
1.180000000000000000e+02
0.000000000000000000e+00
1.500000000000000000e+01
2.000000000000000000e+00
9.910000000000000000e+02
0.000000000000000000e+00
3.460000000000000000e+02
2.000000000000000000e+00
7.000000000000000000e+00
4.090000000000000000e+02
0.000000000000000000e+00
0.000000000000000000e+00
0.000000000000000000e+00
3.170000000000000000e+02
0.000000000000000000e+00
0.000000000000000000e+00
0.000000000000000000e+00
4.500000000000000000e+01
8.000000000000000000e+00
1.000000000000000000e+00
4.900000000000000000e+01
0.000000000000000000e+00
6.400000000000000000e+01
4.400000000000000000e+01
0.000000000000000000e+00
6.000000000000000000e+00
5.000000000000000000e+00
3.970000000000000000e+02
3.000000000000000000e+00
0.000000000000000000e+00
1.200000000000000000e+01
1.000000000000000000e+00
0.000000000000000000e+00
5.270000000000000000e+02
0.000000000000000000e+00
0.000000000000000000e+00
0.000000000000000000e+00
1.900000000000000000e+01
8.300000000000000000e+01
0.000000000000000000e+00
1.000000000000000000e+00
3.000000000000000000e+00
1.400000000000000000e+01
0.000000000000000000e+00
6.000000000000000000e+00
3.230000000000000000e+02
1.200000000000000000e+01
1.200000000000000000e+01
1.000000000000000000e+00
9.000000000000000000e+00
3.740000000000000000e+02
0.000000000000000000e+00
0.000000000000000000e+00
0.000000000000000000e+00
1.000000000000000000e+00
1.900000000000000000e+01
4.130000000000000000e+02
2.000000000000000000e+00
8.220000000000000000e+02
0.000000000000000000e+00
6.000000000000000000e+00
5.000000000000000000e+00
4.270000000000000000e+02
1.000000000000000000e+00
3.930000000000000000e+02
1.400000000000000000e+01
0.000000000000000000e+00
2.400000000000000000e+01
0.000000000000000000e+00
9.000000000000000000e+00
6.290000000000000000e+02
0.000000000000000000e+00
1.640000000000000000e+02
0.000000000000000000e+00
1.700000000000000000e+01
9.000000000000000000e+00
0.000000000000000000e+00
2.360000000000000000e+02
1.100000000000000000e+01
0.000000000000000000e+00
2.600000000000000000e+01
5.400000000000000000e+01
2.000000000000000000e+00
0.000000000000000000e+00
1.170000000000000000e+02
0.000000000000000000e+00
0.000000000000000000e+00
6.000000000000000000e+00
1.300000000000000000e+01
2.000000000000000000e+00
1.600000000000000000e+01
0.000000000000000000e+00
6.000000000000000000e+00
3.080000000000000000e+02
5.000000000000000000e+00
3.000000000000000000e+00
1.700000000000000000e+01
1.780000000000000000e+02
0.000000000000000000e+00
1.260000000000000000e+02
8.900000000000000000e+01
1.000000000000000000e+01
0.000000000000000000e+00
3.000000000000000000e+00
0.000000000000000000e+00
1.200000000000000000e+01
0.000000000000000000e+00
4.000000000000000000e+00
