0.00587776412774
0.0600643293897
0.014118993671
0.00283919378959
0.00268549202336
0.00117438773334
0.00283822068194
0.00200710893634
0.00645545744547
0.0291738549861
0.007905335824
0.139038151723
0.938191499702
0.00423250118429
0.00398067080294
0.00867194231041
0.0104032684758
0.0233732679026
0.0142103006489
0.0120481810487
0.00284254169734
0.0360610031486
0.00518879538565
0.0069558526743
0.000536428481126
0.0164212408664
0.00846050426379
0.0017259203678
0.00064322967553
0.00379521714379
0.00403052023033
0.000367425757407
0.0399145605296
0.0195471898968
0.023844148903
0.0183616467045
0.0104354159294
0.00114431637811
0.00158499949853
0.00592871774227
0.0602511414155
0.128869628004
0.114213129035
0.995198341466
0.0480086902023
0.987769525924
0.00133869684321
0.0281943629596
0.00940018104691
0.00831597894848
0.0160346138801
0.00538960823543
0.0103672609858
0.0329723094069
0.00478312314348
0.00575729403907
0.0112637154411
0.00640362325889
0.00496237518845
0.0336254755642
0.999999999978
0.197542348181
0.726862859536
0.297408294129
0.239922718304
0.0279306438614
0.0269049818958
0.985210335989
0.0110619351872
0.00305347647243
0.0117241104837
0.0115970659554
0.0091298693863
0.0687279913233
0.00148572206332
0.00563906462926
0.0134589920217
0.00882588405264
0.00310621003444
0.0256518155691
0.00372021167032
0.00496898347278
0.00959380256553
0.0066362506028
0.0130417106518
0.0045830954832
0.426123480912
0.0213572695195
0.108974425684
0.740669855452
0.277428658164
0.973737899745
0.937826417324
0.73674706
0.00198512926541
0.0394178891769
0.0194362032326
0.0276947439666
0.0086832616287
0.0182475663994
0.0509397285701
0.635618447064
0.754691322084
0.999985144825
0.98772305265
0.0287927787172
0.0863519185785
0.0285448055392
0.0492502872412
0.00171918085045
0.00440711768739
0.00958847217157
0.00739414954506
0.00810990880492
0.00756160847714
0.00555947698802
0.00254875102451
0.00181093021969
0.0183998869583
0.0281321417525
0.0415134663531
0.00907978937369
0.0471378093969
0.00425738590351
0.0127545417407
0.0151837104788
0.0027659507645
0.173782294476
0.0208350680136
0.0308189310526
0.0264619075997
0.00691722744888
0.0211554003888
0.000654261121732
0.0032176539809
0.00442654099274
0.0160366710018
0.0139205135194
0.0211575375741
0.0212175477301
0.00846061214451
0.00722503083304
0.00881206895149
0.00859625242272
0.0299087710701
0.0127151250901
0.0146886049681
0.00992990677757
0.00534029248337
0.000968957654849
0.00113852541406
0.112080423639
0.00384830719023
0.00202177503344
0.0021689946222
0.0033033304791
0.00348470692056
0.00114177629154
0.000809582505544
0.00106471747277
0.00388348225873
0.00891680107111
0.00291162553173
0.00120184567706
0.000367938278621
0.00232859268908
0.00178522048069
0.0419709862196
0.0412575376479
0.00352929668207
0.00279166370933
0.0162809157039
0.0113905736876
0.086831477875
0.00200011854292
0.0209091275356
0.00113525912461
0.994243331703
0.0346528029377
0.00230431150344
0.999999739721
0.00583872008639
0.0165765431016
0.00325808028724
0.00624080117012
0.0232279573504
0.00367938843877
0.035823326791
0.00632580890749
0.00367947729998
0.0133607817869
0.0141252577873
0.00902302814008
0.0158301331963
0.00149244647964
0.0176172330762
0.020873082342
0.999999999987
0.045123747042
0.00371554753503
0.01697028099
0.0376868903287
0.00180042966433
0.672239137495
0.026860814676
0.0380397617316
0.27153551596
0.00285102785727
0.00600626893019
0.0632213860875
0.00390834939521
0.00335312275308
0.0219144886207
0.0257685658862
0.0614056672927
0.00924430689979
0.292478461171
0.399370248281
0.0437250082037
0.0598215431653
0.00598506116281
0.0100066300884
0.128742625669
0.999989262356
0.00822701293025
0.0101522403558
0.00347967683758
0.010757287721
0.00250085463779
0.00438170879541
0.0279520991855
0.00624866849887
0.00179272966431
0.00701944828316
0.0109372607999
0.00190149950562
0.00461389026702
0.0113525328232
0.186616118902
0.015254815414
0.0304457182789
0.0275764590448
0.0177938878652
0.00573274031303
0.0300866841469
0.0073876201329
0.00733914388488
0.0178701179061
0.0128714651884
0.00432009248003
0.0219502575689
0.0151689687999
0.00928806664288
0.0117340983713
0.00908242071714
0.00715690910951
0.01468582078
0.0263474803717
0.00574625612739
0.00418818520257
0.0162860180532
0.0049407800932
0.000624684900044
0.00874902699451
0.00711914276922
0.0207684031784
0.0134875734546
0.0609571518682
0.0153468062426
0.00528780465933
0.00594527820817
0.00378402623448
0.00964743842113
0.00365262598805
0.00313660628415
0.00566290200908
0.0118826188296
0.0193247437867
0.0068331301127
0.0131710684426
0.0177462779489
0.0314539706087
0.02161678581
0.0144941364036
0.0152583710111
0.010514640374
0.00238103430773
0.0182214255834
0.00470841453205
0.00508528348372
0.00655575638376
0.00198928103796
0.00782774093074
0.0153197879508
0.00197907720572
0.0111251370602
0.0164400702393
0.00424501873061
0.00539851016968
0.00323612539677
0.0082515216084
0.0174210190935
0.0219682345996
0.025998595253
0.00832881296457
0.018130214127
0.00751755839169
0.00379669945085
0.0120032875447
0.00732280819264
0.0108268963777
0.00139338798424
0.104604760291
0.0630887741822
0.00668715023244
0.0028097697004
0.00260199831739
0.0176597834061
0.0022531026958
0.0131321566508
0.0197201539631
0.0259708430132
0.00262591534181
0.011867540013
0.00183182589885
0.00129523059061
0.0164618475413
0.0236980438931
0.00330296142086
0.00316471973801
0.00427945713127
0.00638363288448
0.0131709928182
0.0210144694058
0.0125795888956
0.00205559344303
0.00348716998005
0.00141448389887
0.00262922400275
0.00496447107316
0.0304565961762
0.0157712601397
0.0250500918404
0.0103485598981
0.0292780744972
0.00337504310891
0.00471364859497
0.00311564731593
0.00286571756179
0.00669514830414
0.0122446611943
0.0265615948915
0.0108936368437
0.0218904510688
0.00896373646855
0.0149814936782
0.00262080194855
0.000573459240231
0.00208189668672
0.00463567141241
0.00209699928578
0.106484029714
0.00418555662665
0.010404038476
0.0089351630127
0.00393062083893
0.029255402973
0.00185194912204
0.00611902461175
0.0176657160056
0.0124118559045
0.0192702872882
0.00105848517275
0.00041866769182
0.0022192172211
0.0102287272678
0.0555991097594
0.0332847622256
0.0153581497342
0.016740399811
0.00657638036308
0.0114281364514
0.00178126940575
0.00957114513062
0.0102274426581
0.00285257663183
0.0017858938668
0.712304432618
0.00381692924192
0.0048454258396
0.0333707679111
0.00436553101758
0.000778105255259
0.0189248076573
0.00165438210584
0.0406276527452
0.00935993775671
0.00617454421794
0.00100612719779
0.00132511782643
0.0267854941074
0.0103221604279
0.00302763479856
0.0151448775027
0.0895872365281
0.00151935203263
0.0136511884848
0.0012130473346
0.015225079154
0.0267908104377
0.0434165944542
0.00650422906805
0.0141711075307
0.000792856934633
0.00505405968741
0.00207545245865
0.00263315104137
0.00335345312665
0.0035074645959
0.0852928871057
0.845006251614
0.00253425961806
0.00897259786433
0.248990623008
0.00667158396804
0.00230069527196
0.00438486439835
0.000693511744458
0.00379314884863
0.00197906037067
0.00135988264996
0.0235303523792
0.00529358440462
0.646852758873
0.0780724192689
0.00118535053665
0.0205793911728
0.0804081197681
0.00553284760747
0.0987712705479
0.527197622262
0.0280367419823
0.060387897313
0.0156417817117
0.0155010626422
0.0230317108749
0.00226057661494
0.00204093149441
0.0131101947445
0.0102237413726
0.00328702158088
0.00410985190466
0.00628729894076
0.0150650702015
0.00894594627388
0.202592818724
0.00650887737681
0.00648537797194
0.127216124826
0.0672120243699
0.00324950933956
0.0998986531116
0.00669258480165
0.00301697810238
0.000488954764815
0.00158477844813
0.00245560747453
0.00695309308171
0.00344572542803
0.00358089679046
0.0418208508991
0.00345133574486
0.00297014305108
0.108563092355
0.0139061682148
0.088417744209
0.0226817619901
0.00177418048017
0.00469902791046
0.00893407511332
0.306839273985
0.0076900024727
0.0138679245103
0.0103098417031
0.00256464020211
0.00578480618864
0.00346153921262
0.0213062443858
0.0125422123816
0.00450527809435
0.00285137214244
0.0027563892309
0.00294880488315
0.00328248492573
0.0021026477197
0.0300379199221
0.00679040411473
0.161920465515
0.00688192891751
0.0496082521195
0.000930855312294
0.0137015433152
0.000229948743824
0.00235185653135
0.00379214767359
0.00241754997873
0.0202090192556
0.989762341201
0.00987289115015
0.00741563057851
0.00145153158943
0.128749868413
0.00688683971175
0.00217041533762
0.0115088462654
0.0147871255791
0.00561462094494
0.0135560258075
0.00377209669898
0.0149780330679
0.00540348171781
0.0018739547402
0.0107815966569
0.0276778426297
0.014405349668
0.000747648211409
0.00173516479637
0.0345316059613
0.001794261681
0.11068647496
0.0115160413742
0.00255384424204
0.0153219796451
0.0549390011171
0.130203457185
0.0242854357968
0.0146892558358
0.0965028138959
0.374170997579
0.00700553836318
0.234982026089
0.678713931214
0.171426012245
0.953147836133
0.331809111124
0.254701704502
0.6511002974
0.00573797647359
0.00570346975336
0.0291435800944
0.00673683412075
0.00605835080728
0.00277224029104
0.009528323715
0.000943437616729
0.0125820810153
0.00199076132641
0.00192040005177
0.00215646586959
0.000963025114251
0.108347463344
0.00876151649425
0.00624928091314
0.0302508919491
0.0690013833464
0.0189665546304
0.0294641293551
0.0151448464199
0.0214543494239
0.0270302741483
0.00579067837024
0.0123872750558
0.00273081068222
0.0044708553424
0.00772525734755
0.0118289167107
0.172539161083
0.672950185609
0.0526642792373
0.00323171539486
0.00207345053936
0.67945735936
0.00811822819327
0.0208990052725
0.00257094730942
0.00350505646952
0.00369569078613
0.00118849311767
0.00493152493895
0.00732144212471
0.0119271531923
0.00746026240922
0.0104390875842
0.0160446959732
0.0556884002109
0.0153188928148
0.0155538230703
0.00438575513687
0.0345772823048
0.0045377419266
0.0114478631596
0.0198479984813
0.0205588789785
0.0137896929034
0.0111137485102
0.00284622580876
0.00903674333004
0.00799252166299
0.000715776148904
0.0156809121096
0.00372909103862
0.00328890897519
0.0526262834919
0.00647046096339
0.0024516622873
0.013361286162
0.0069144272659
0.00339774256444
0.0199377609248
0.00255159369792
0.00423626070912
0.00454777841257
0.00789110049215
0.0076285705745
0.0109446928368
0.0355993960125
0.0021001784998
0.00619010127257
0.00412284836906
0.00852755508576
0.00693991154473
0.0020604443975
0.00311904979629
0.0218600151136
0.0193441591825
0.015294537872
0.00131491994467
0.0265125248054
0.0101461116062
0.00747286968786
0.00558970697213
0.0307151589212
0.00350292525421
0.00687094017943
0.0185627857769
0.009380291496
0.0251474135285
0.161634555177
0.0116812242709
0.00381110584809
0.0446090675428
0.0206309215337
0.0100782349463
0.00181485496719
0.0233485982218
0.00743003534374
0.00251412919979
0.00624774386844
0.000850357958272
0.0132234093488
0.00381847467502
0.0115902949332
0.0099107914509
0.0288873175832
0.00691691517607
0.0265427651295
0.0126847203381
0.0189237477464
0.0114074921131
0.00225375239777
0.00341216818765
0.0110126367425
0.00714884558789
0.00795573412424
0.00976234867792
0.021832605372
0.00837948456993
0.00999394718733
0.0209660821023
0.00373579552301
0.00497354916057
0.00319045448527
0.0442766536541
0.00950331037682
0.00841179173376
0.0373827735062
0.0122041453744
0.405647389503
0.00879294063113
0.0231436063189
0.0446194887887
0.00765176670402
0.276822629026
0.000784348986698
0.00284345261346
0.00180674182031
0.00220251253272
0.00258168877458
0.0594540768617
0.0106137084714
0.00695116606695
0.00420831782667
0.00290533763646
0.0202549072971
0.00503376040492
0.0494939286997
0.00548291367788
0.0126687418364
0.00520339247983
0.0251313567393
0.0227885091726
0.046986438425
0.0910950506872
0.120665141924
0.0114077196242
0.583514288104
0.00573244489699
0.0204061255305
0.00799336352541
0.0122641719793
0.102230580002
0.5181036827
0.0143610690538
0.0602055093694
0.01512947456
0.0171903657878
0.0200205802879
0.00221445009351
0.029893837837
0.0158499397102
0.0083134207401
0.0296540811841
0.00442243465085
0.00500006137963
0.0152658238985
0.0140653152865
0.0272977941713
0.0105955648561
0.0133169481261
0.00305868152412
0.0170174103491
0.0206642554221
0.00383751034308
0.017501406467
0.00164494975211
0.013788208105
0.0258810697517
0.0601416190001
0.00851410183789
0.00170735126939
0.0217123236733
0.00291686400026
0.0594113159946
0.0167185974938
0.706410287035
0.0264228559102
0.0197646909403
0.00217521495363
0.00446068648288
0.0806983481052
0.00316311101421
0.207107410715
0.0941217699564
0.00884546039178
0.0135085713662
0.652147110288
0.0209301227042
0.0189631762118
0.0166043587839
0.0439169291971
0.00189255653237
0.00345319766039
0.0112745446808
0.0124032246168
0.0346259444175
0.0156649744838
0.0279199676877
0.00525810438457
0.013066739459
0.00445815803248
0.0239267674025
0.0012576221439
0.0031260030571
0.00306996982784
0.00613748505687
0.00658821562927
0.0151711840128
0.00329282764179
0.00965606907373
0.00867575369783
0.0196856037603
0.015022526315
0.0349570141491
0.010558876462
0.00159852019697
0.00675773004587
0.0321585066656
0.0264329168079
0.0978493189062
0.0186914486745
0.012314977019
0.00108274987918
0.0339326062822
0.00825933736462
0.00947587881801
0.038513121305
0.00930428883436
0.79096160203
0.00185358050175
0.0217521302131
0.00896165005404
0.00284904585726
0.00937854806495
0.00507897672827
0.00806838358677
0.00826525559488
0.00415875395396
0.00575322132479
0.00111051982128
0.0122691790722
0.00579029479254
0.00244835139717
0.0127433122098
0.0280647303979
0.0289102121367
0.00273252931519
0.0116820548036
0.00176602677758
0.0278319276938
0.00210041945559
0.00436287929256
0.0182475204699
0.016460977407
0.00471774111743
0.0221920040144
0.00314008252023
0.00784436538929
0.00298516617315
0.0243653082152
0.0241871472859
0.00305968815014
0.0140217420113
0.00690901711727
0.00107790278346
0.00817167662107
0.00570988313742
0.0303108590813
0.0272420198212
0.0143561951496
0.017335221531
0.00352133132289
0.0117952185109
0.0056639776696
0.0105479105402
0.00893335030135
0.0145884280882
0.0196460805128
0.00611498662468
0.0223021539833
0.347294517841
0.00485940565142
0.0176792647585
0.0246428208327
0.00270548057822
0.00416497677877
0.0152904949629
0.00734663857234
0.00273282958897
0.0261702894027
0.00996650553187
0.00113831681417
0.0579067467196
0.00647052424622
0.0108725062178
0.00102151124465
0.00231045050872
0.0236039180991
0.00136485036123
0.016888966048
0.0187583593092
0.00289588175228
0.0195157403795
0.00318168592481
0.00428357757182
0.0262380742921
0.00222284788027
0.00280404256623
0.0616686223523
0.00618423628298
0.00164479888896
0.00253033899575
0.00743708973461
0.00685965449476
0.00607612704031
0.0159579773133
0.0171413164044
0.00813746104247
0.00547335104296
0.0107834050181
0.017243157157
0.0143004978955
0.00559003507622
0.0200810793943
0.0308690617802
0.0262414069158
0.00920106485023
0.0129253474499
0.0126207142938
0.0147794874752
0.00789009343349
0.000897693102645
0.00430099762061
0.940679789926
0.0314264189081
0.00901043156233
0.0808318285566
0.0292483817052
0.00973656876496
0.414835557584
0.0224435671241
0.0364742580408
0.00766681457929
0.0043582593398
0.0145474409484
0.002642870754
0.0186297161449
0.00643222397581
0.00828794017927
0.00170599468077
0.00252401014464
0.0239676028251
0.0365537117923
0.00247831457399
0.00206741287693
0.00506819174119
0.00751330824429
0.0280777205037
0.0740279056098
0.000909243345426
0.0125261107661
0.00932336759387
0.00294989366911
0.00534688434465
0.0162110600074
0.0014881197957
0.0141767926064
0.00222476294969
0.001629573093
0.00582429924251
0.0124735229957
0.0128226854977
0.0128252740114
0.00183482571004
0.00350660717089
0.000612914251083
0.00873731509311
0.00447395991508
0.0125360166768
0.0347906851727
0.00482689901815
0.0190673415707
0.0144142706073
0.0060680800727
0.00556590356574
0.0155278086529
0.0017793997772
0.0161587379318
0.00754008751088
0.0368395801295
0.108060229565
0.00202787054879
0.135830696941
0.0328199158657
0.00672495088871
0.0142994476611
0.00664478910381
0.00416633936523
0.0121164696314
0.0122849331859
0.0158329596402
0.0197681920668
0.0172375212384
0.0249537440317
0.00517514468874
0.0143104213809
0.0194543455347
0.00429308786346
0.00941791491623
0.0281410492497
0.0222693796678
0.0328109480761
0.00234112776595
0.040657022898
0.00148224268136
0.0255347213114
0.195714640196
0.0114591466795
0.0847209830877
0.0551409737394
0.0349908417845
0.233605451104
0.00656064302478
0.0260466962259
0.0247772462189
0.00502694271297
0.0313170727224
0.00454248721901
0.00376806461151
0.0197147057178
0.0610016672484
0.00501385950984
0.0185800690332
0.00640442964091
0.00327100674672
0.0110493765665
0.00926117469841
0.00451938393529
0.0141006721624
0.016077058172
0.0291500314602
0.00301665985832
0.00194124677356
0.00861270133766
0.0161346732408
0.0169925059038
0.0341019526809
0.00360708951799
0.00047336635858
0.00253806634496
0.0049300058552
0.0127519698556
0.00177024154977
0.00568731425812
0.000444055511914
0.0145308020612
0.00283083861758
0.0155869192893
0.00787259316502
0.0164785574423
0.00611980991741
0.00754813270797
0.0102633816571
0.0121873473415
0.00314168162034
0.000210515231355
0.00185599854887
0.00336418237132
0.0293563393772
0.00502017535391
0.0222474058289
0.0166005493662
0.00849158810618
0.0243793904102
0.0167037152572
0.0160877344587
0.00361087762321
0.0205790450076
0.0758612813459
0.0296513688542
0.0343866704344
0.383040167356
0.00362888098818
0.00958348563802
0.04595992197
0.00228909490259
0.027401023222
0.0201284595544
0.00158223647598
0.016457587153
0.00739275877062
0.00420665445815
0.00628843838675
0.00498387929537
0.0132508230474
0.0154592858541
0.0112007142755
0.021597790746
0.00361501669848
0.0110312620873
0.00961725743563
0.00378264998571
0.0169909109866
0.0203497134726
0.00113794499883
0.0102845391329
0.0126031918321
0.00975687187016
0.00447463294583
0.0229364984249
0.027932728093
0.00825837901736
0.00237657010156
0.264609770101
0.0213744814409
0.022494010057
0.0267502427218
0.0167999391816
0.00777781294772
0.0119313942712
0.0254451818929
0.00468133760216
0.0146156453463
0.0378956129044
0.0226562939283
0.046988838004
0.00133958495606
0.00232370347917
0.00269970715296
0.00164763314971
0.00103849821335
0.0104242420225
0.0141287928865
0.000369656898407
0.00330013613263
0.0170020369425
0.0485516395252
0.00313291488772
0.0122157792205
0.00909453377205
0.0156349187917
0.00360772538107
0.00583989890173
0.0037128550864
0.0217489067532
0.00167182263017
0.0022805226184
0.0074931869247
0.0110282036327
0.0043713867505
0.00811657957223
0.0125027850597
0.00551847894192
0.00891987922137
0.00256407301539
0.0149767837634
0.00836542064356
0.00592482842362
0.00171590788137
0.0169166915432
0.00242240691063
0.00302006405297
0.0100440800742
0.00134877901497
0.00914519444077
0.0106778090069
0.00745039115869
0.0428958369641
0.023134628257
0.00893514206189
0.00568836918471
0.00783506595481
0.00258878447982
0.0213583243132
0.0243669533321
0.000757342984192
0.00233482865114
0.00140918753347
0.00272150465864
0.00714856090484
0.00573963787922
0.00718923577558
0.0109244087839
0.0111984736232
0.00327055380567
0.0341442267485
0.00593477169151
0.00492595820322
0.00810094019928
0.00536952033037
0.0107126929756
0.00293609828731
0.00253956504925
0.00523037292368
0.00528822737707
0.0211247284136
0.000791457992192
0.00252246319298
0.00746737466804
0.00818931056516
0.0264374231947
0.0160562715885
0.0111272258462
0.0601718937657
0.00707898557243
0.0015305879014
0.0130792617097
0.00257722515275
0.00124558208186
0.00316957042603
0.00844531185039
0.00209503309896
0.00268196437596
0.0077367833221
0.0127688472942
0.00774554415133
0.00294129392817
0.00529551170137
0.0161919897086
0.645480493042
0.00561853539115
0.00596110933733
0.0177617773198
0.00486392115113
0.0385848681081
0.0114312074275
0.00280881769902
0.0420126421952
0.0142398289811
0.00258360146081
0.153448713363
0.335136550358
0.0151038458749
0.0530861908543
0.00894758454375
0.0194004117702
0.00463689171372
0.0132469411502
0.00189792828377
0.00302727789056
0.0174916472764
0.00516060417807
0.00826118680103
0.00497328203601
0.00604058779706
0.00393352672409
0.036438482816
0.00476938885376
0.00368151276645
0.00167836960472
0.00290764378215
0.00734865320824
0.00227892567982
0.0652964213819
0.121411527005
0.0112673052672
0.00552444269101
0.0145536431233
0.0213825962486
0.33313700839
0.00101396955374
0.00531133185504
0.00644048869942
0.0018173513706
0.00437026675217
0.0070424159974
0.117681185153
0.0245513502971
0.00867070161078
0.00896776647307
0.00376042722493
0.00212072565192
0.000790117264092
0.000583112653688
0.000535325258735
0.00512429558752
0.00548876259223
0.00561336100482
0.00474557667242
0.00318142252344
0.0729097696307
0.00450314233379
0.0100208479537
0.00573733388991
0.0044874041648
0.00201730380392
0.0120055418053
0.00165892827526
0.00397857675181
0.00240770818153
0.00379454156023
0.0625909481931
0.00524628771206
0.0740980966817
0.137232780295
0.00350725466007
0.00578509456532
0.0206455118085
0.00677045050676
0.00480760928938
0.00822215618227
0.797103060637
0.130715743466
0.00201407146661
0.0151617613037
0.00689968734485
0.0196329062841
0.00761598065174
0.002549468495
0.00660823265183
0.00929628118634
0.00247670680272
0.00249561407497
0.0113415978339
0.00378839683164
0.00206449652162
0.0313811079801
0.00257376620693
0.021080513201
0.0285828129676
0.024115396967
0.0111378271943
0.00667206481879
0.0454227676736
0.000666390568996
0.00836556184223
0.0739717958711
0.0103646653858
0.0256596800726
0.00392422782185
0.00584877183379
0.00772399807492
0.00786638990156
0.0569079993903
0.0963036775697
0.666237127136
0.0104536613919
0.711656858764
0.168896760425
0.0159645579737
0.125638225048
0.027874413415
0.0104653360975
0.014377527777
0.0264712110701
0.00283258980378
0.032253454146
0.0028438734917
0.0128445281832
0.00494846539932
0.0108584723839
0.012396140456
0.00450426329403
0.00172906154199
0.00181469284242
0.00060660176204
0.0188146440637
0.00214277404769
0.00514126672637
0.00609860413788
0.00686321183999
0.0018331165283
0.01060871278
0.0138203806049
0.0201577173845
0.0317365558515
0.00470155183992
0.00723254806413
0.00293810760957
0.0338779376167
0.0228831327016
0.0404794322707
0.0168043215298
0.0148316474695
0.00317017330675
0.0847064986614
0.112365875317
0.0237857978232
0.00972033222497
0.00711520978901
0.00707767901513
0.00568505280401
0.00706130846145
0.00192555066122
0.00676549660588
0.00776222175091
0.000394616530517
0.00661423996161
0.00635047284302
0.00551736304038
0.00275943771814
0.0378493486319
0.0069673176728
0.0350218063801
0.0037252442538
0.00354957527851
0.00720138084524
0.00780910709075
0.00309643794178
0.00661881555033
0.00523651242279
0.00452204946422
0.0209257103802
0.00764668605823
0.0278708206824
0.00696080409048
0.00666652726163
0.00414834379249
0.00301454347205
0.0673430162467
0.00237123268079
0.0055609567975
0.00424610545712
0.00296679519276
0.00518732976078
0.0176765722889
0.0219280841786
0.0256358519683
0.00255230084844
0.00526269387521
0.0299844102601
0.00621214832838
0.0095017494232
0.003333825285
0.0189380616107
0.0030896552616
0.00410637706086
0.00706449065332
0.00730076978027
0.00707352352193
0.00353904394139
0.00243080930311
0.00670384433825
0.00664320082838
0.0136285083242
0.0159969688801
0.00288427926438
0.000801270963187
0.00302133771925
0.00185604717958
0.018228468353
0.00860134329412
0.162821067816
0.0221341985502
0.0210684478555
0.00117436653008
0.00486930176345
0.00294366528586
0.00248913951248
0.00225975140174
0.0171099960496
0.0014292840467
0.00292197366131
0.00415330221824
0.00269158229046
0.012945528886
0.00727543792709
0.000987819857999
0.00278945654409
0.00551749665397
0.00669392527005
0.150994307821
0.0342958911397
0.88049679129
0.0218791375922
0.00146575967562
0.00162046491264
0.0199872285103
0.00116661967943
0.0125169809533
0.00160541994324
0.00263239183075
0.00357867235608
0.00524270138082
0.00571898210716
0.00359332149876
0.0123923168283
0.00500291450958
0.00648696583042
0.00794714556988
0.0125809309101
0.00799357367872
0.0127036780944
0.000841259607442
0.00659021775232
0.00888435182572
0.00607810544205
0.00255517679829
0.00232257016092
0.0390672805262
0.00376858710902
0.0035441830271
0.000784507146608
0.00418168645076
0.00521601858146
0.00608068537327
0.0351407398262
0.00737072104609
0.00207317551611
0.00590766581626
0.0255137197249
0.0416722881857
0.00212218346416
0.00133302963871
0.0677331562163
0.0111578443942
0.0561898311613
0.0149626230775
0.00941427606997
0.00885388588474
0.00848220448786
0.0013438973197
0.00612805362742
0.00626407750715
0.00839767489947
0.0136978710301
0.00274643858071
0.00333490540527
0.00885332082083
0.0356642147319
0.00156079435124
0.0145697835456
0.0105958641435
0.0152059832796
0.00321541193805
0.00604819368067
0.0199312659088
0.00165670338282
0.00268401395859
0.00277078785125
0.00760018260315
0.00784208858437
0.0167109980474
0.0254488204193
0.0169039606865
0.0271293927148
0.00885007096219
0.00406143123683
0.0127474791667
0.089363128418
0.00178752349011
0.0202836265229
0.00419567593229
0.0107531332152
0.00485675166394
0.00412345073819
0.0401979466651
0.0150466209682
0.00522073744424
0.0240895501738
0.00201080720035
0.00662005828597
0.000954227681783
0.459182419868
0.0112053750031
0.0308473371921
0.00188251146124
0.0126885527322
0.0441010443219
0.341974650215
0.037287888787
0.0926496449707
0.0612103232582
0.0939329828107
0.0283883970477
0.00148284445276
0.00478766395011
0.00496968897357
0.00160655717371
0.00674960716898
0.00166714023639
0.0294550032915
0.0143314442238
0.00448309421047
0.00213042465258
0.0029032589703
0.00248206785057
0.00362193812246
0.00203571244639
0.0133856916831
0.00412777556899
0.00421513792258
0.0127592328282
0.0156379105776
0.0146424726548
0.0884944200301
0.610901709622
0.0161774251904
0.0166569803925
0.00853830017302
0.01131976472
0.00123470126713
0.0235219177847
0.0268376549295
0.018552201923
0.00737995872466
0.00658363435132
0.00395346002203
0.00361407471241
0.00102984519382
0.000913673327562
0.00813732859935
0.0126262396117
0.00975828773794
0.0115680834064
0.00086280067633
0.0139399180926
0.00650584051023
0.00291758633451
0.000961316752073
0.0104259721301
0.00195842879826
0.00502962527405
0.024667458307
0.0109295874533
0.00951120313249
0.00447176137281
0.00758541279217
0.0327369678001
0.0138588101102
0.00304277654783
0.0198841617128
0.0501843793623
0.00846486465758
0.00112645441016
0.0109316428719
0.0137931570071
0.0127796014412
0.016685641957
0.0200602990691
0.0205315528287
0.0273237625645
0.0394020582813
0.0139441373369
0.00614535813856
0.0226460783279
0.00911063564046
0.00592903133216
0.00488203676869
0.0041358493435
0.0197766579759
0.00755435388333
0.00622337752736
0.00167576040643
0.00307877187318
0.00309329517267
0.0277269676079
0.00463578273477
0.00510419526559
0.00321947814105
0.0174807026034
0.0132362159365
0.0276894007601
0.0190368931627
0.0597414218171
0.027701695555
0.0143323332582
0.0242275520556
0.00338418830163
0.166212614928
0.0240657634267
0.00393644889524
0.00451582449371
0.0170415169882
0.00193113956028
0.16488147683
0.0138366463551
0.0205747217416
0.0314310478562
0.0434793425423
0.0586086887062
0.0333675438594
0.00513128233482
0.0199426548395
0.00346859892842
0.00196740043641
0.0019273307356
0.0031957023663
0.00249354629808
0.0039658618007
0.0024222699443
0.0026963595829
0.0746972833718
0.00705850738538
0.00391387149073
0.0014151922298
0.00214303759202
0.0105344566026
0.00612410401293
0.0116736701957
0.02731505871
0.0364752171838
0.0381889326408
0.0329572595667
0.00847279178018
0.00285472229731
0.0030091790131
0.0324201060794
0.00974455124779
0.00272922523966
0.00350919965984
0.00428414100707
0.0291435989401
0.0213421925273
0.00668290364713
0.0164202127836
0.0394561916154
0.00117692430943
0.0203797181561
0.00202840064167
0.0395694486492
0.105696820121
0.541637984771
0.0436841192928
0.00446799803617
0.00229150231154
0.00737869958267
0.00771241745624
0.00689470962932
0.0106313187142
