0.996810976495
0.158519683471
0.00179195728379
0.991854266095
0.863943557432
0.00140739700169
0.00255130038475
0.00232230792963
0.0030353476429
0.0037535967143
0.0136416149723
0.00163203011469
0.00133375041528
0.00279328577079
0.00577691745708
0.0068778602871
0.00430573087536
0.00821696314202
0.975529616409
0.992356468973
0.000803516792736
0.0197175200975
0.00381330571139
0.00344590519817
0.991200777385
0.824950070501
0.993835760542
0.0889496936763
0.0798778723483
0.0050203266455
0.00268189254128
0.0133594484505
0.00521224643406
0.0125821327886
0.0121149574926
0.0132694087067
0.00471738529389
0.000578077017639
0.00164416251952
0.011613697096
0.000944779736195
0.00201898200743
0.00209784112854
0.000306366154987
0.00218045003561
0.00212016097425
0.929002215834
0.0996883255678
0.930108491373
0.807578817609
0.652482500507
0.00394039164739
0.00261016904758
0.00613956959871
0.00342079253304
0.0045174220642
0.0046637008877
0.00403501064161
0.0034642365903
0.00864976743013
0.000521058466967
0.0016679522272
0.0016678126716
0.00110423387796
0.000532297062682
0.0127562493073
0.00464913733653
0.00109172254954
0.00365288645429
0.00201665279024
0.00791253847308
0.00170291446705
0.00558003342184
0.0031071852397
0.0158731806664
0.00435220802952
0.00272580881123
0.109624131977
0.00565187265602
0.040998131222
0.0067320706177
0.00890459657265
0.948912445012
0.00349950673311
0.00145201197566
0.00409345085422
0.00809527627399
0.0141995839482
0.000538675334937
0.00018923638265
0.014966837612
0.000667177144606
0.00306977288716
0.00658922274261
0.00298218460969
0.0183191068277
0.00438770348372
0.00205358559343
0.0169037761623
0.0304776184609
0.00196702362142
0.00202166784295
0.00487000274116
0.00963759659723
0.00518530264658
0.00382951634251
0.0945042116932
0.966158719496
0.0113287202053
0.00195987563349
0.00139307047682
0.00624401616884
0.999996159077
0.999996001314
0.999997287534
0.940365985308
0.996036382777
0.996763948994
0.0191936348933
0.01984205373
0.0494647945682
0.387562553532
0.00513111523931
0.00464325628335
0.0013109505795
0.00594765393841
0.999999255216
0.0167650829725
0.999999207371
0.116668653051
0.702959057208
0.999996578116
0.00457254374334
0.00104892066364
0.00126194808362
0.00154203171162
0.988226286284
0.999988512818
0.999996070314
0.99999790203
0.999995962979
0.718392478247
0.00862479417253
0.00142298337434
0.0024394477045
0.00415195417181
0.00864864182182
0.00790858083153
0.97206948935
0.999995702895
0.00241009115429
0.00162587045956
0.000740309425656
0.00506330170369
0.0020826959135
0.0116856893099
0.0117385951953
0.00596972341403
0.00050823765602
0.00164715555581
0.00346956325555
0.00316230918295
0.00213814397825
0.00120883466199
0.00336847399235
0.00140568458267
0.00143188665535
0.00698346279622
0.00196031878438
0.999980936521
0.0088994535948
0.00307648919194
0.0023894082087
0.0694062704354
0.0188945283404
0.0122169439313
0.212248715054
0.00333292552895
0.0024433249047
0.00139408667214
0.00846269678435
0.000974680455864
0.117020836539
0.00561935612982
0.00218248556298
0.00228726540092
0.00424116478657
0.00230083957216
0.00279979083265
0.00355285881719
0.00427422698184
0.0023546698019
0.00232289417393
0.00405293462828
0.00258006440313
0.0015779829537
0.00860968486211
0.00224882120641
0.00545635842229
0.00166910211919
0.00744212782623
0.00479776420225
0.00715953890177
0.0027332226454
0.00491850072626
0.000376558502485
0.00140903327371
0.00372143716628
0.00903583610507
0.0165693750258
0.00176406322283
0.00658689422532
0.00662093649384
0.00268226962289
0.0102566547006
0.00178766205411
0.00505831813683
0.00431938306048
0.00291183790829
0.00219370112513
0.0108255352361
0.00314482423741
0.00379580190849
0.00968570630385
0.996872873443
0.99545850925
0.933196372322
0.845938768622
0.00120993989152
0.00178010878936
0.0151652386057
0.00251293101623
0.00129152380378
0.0090457886679
0.00841469295447
0.00162062601182
0.0032980528231
0.00639971812269
0.00469268752788
0.00647512406994
0.0064548160719
0.00598566199069
0.000988807041141
0.00225801795855
0.00135833133219
0.00746300105289
0.00123550782953
0.00370140537061
0.00160113337366
0.00202218086767
0.00283261019573
0.00718323571454
0.0056604231562
0.00130402067542
0.00885066414535
0.0045754237891
0.0132102624385
0.0144797315657
0.00469912445472
0.0612154784385
0.00447971286144
0.0035640365953
0.000753132143281
0.00649317875255
0.00223228868447
0.00697286269411
0.00783175947374
0.00640729275288
0.00446544836463
0.00526289949341
0.00236725656405
0.00721933946265
0.00257165488831
0.00678496757548
0.0022935606259
0.00762826799543
0.00289365035851
0.00917088053059
0.00408431229473
0.00741610695089
0.00535990412801
0.0105319478769
0.00594103537916
0.00370576628106
0.00815707497298
0.00740892590189
0.00335844280194
0.00868100206223
0.00358003356302
0.00465762804546
0.00496272792858
0.000751651499153
0.00203341839141
0.00619221720522
0.00192794304461
0.00418969213796
0.00594114848368
0.00681909821952
0.00580769787435
0.00138116163386
0.0086217179392
0.00320721367206
0.00254948587499
0.0155023008161
0.00177155098508
0.00401480115706
0.00882830228153
0.00571528456311
0.0105570594743
0.0086929164465
0.00526245370965
0.00142158241569
0.0118519271991
0.0023358905908
0.00670551637905
0.000969337464552
0.00159962304277
0.00140368354915
0.00122019181248
0.00928300652598
0.00829755830096
0.00374358122681
0.164304187483
0.00511135724815
0.00148313262563
0.00138041388101
0.00170652602145
0.0623720364778
0.0315884505172
0.0113351962609
0.00403183437841
0.00972224455751
0.00265903902032
0.00394036744985
0.00343922730027
0.00149152991502
0.00196389429607
0.00148825623611
0.000529561245448
0.00356401084157
0.00567138961447
0.00332816834567
0.00469131856956
0.00194348898477
0.00108917763891
0.000816270517992
0.00110229543269
0.00164505702831
0.00123491386861
0.00137199728112
0.00379537463275
0.00621764273922
0.0246796959361
0.0034099605304
0.00822162014032
0.00484676293437
0.00095472114036
0.940531839512
0.0128479571043
0.520891343499
0.00505534541974
0.0129784798936
0.00111317791929
0.0062200450676
0.000864863693406
0.000466394161913
0.000910375714832
0.000947104865043
0.0365829215445
0.00177286381531
0.0027444109408
0.00133198875142
0.0239467320935
0.313799612556
0.379953956757
0.00565996723411
0.0003947082379
0.00276331838168
0.00131106233054
0.00198094249808
0.001533201126
0.00133068306749
0.00289633446483
0.00687631850018
0.00538202300109
0.00249490083347
0.000758094435866
0.00163939742457
0.0032832781957
0.00184206696901
0.00848237192501
0.00403707862032
0.00333817309474
0.0020908870636
0.00297672070928
0.0044629777654
0.00167198143475
0.00458646743004
0.0096147328372
0.00259058141017
0.00379465380364
0.00155981831877
0.0437414838425
0.000750975741571
0.00594526276882
0.00112185440291
0.00410248024461
0.0015437618614
0.0270308104772
0.00111212114274
0.000335050277286
0.00144736221367
0.00136521609819
0.00158558574334
0.00337355187759
0.000892604604125
0.00101224253741
0.00672139615259
0.00418973289712
0.000673166586167
0.00139024074071
0.00121341867064
0.00351604065716
0.000525235923539
0.00252354773452
0.00538544336955
0.0754365774681
0.0145120649297
0.00102010073283
0.0016905214887
0.0850040318284
0.00263974738715
0.000633519991632
0.00278239954525
0.0112895434251
0.00139696304947
0.0034282198727
0.00999506502912
0.0594192762708
0.00628505267699
0.00321833275115
0.00192005162885
0.00290575408344
0.0258843543534
0.0027312323562
0.0728397477733
0.00275066234537
0.000891305453153
0.0127021407326
0.00308230309547
0.64263617619
0.00295704423652
0.00621479387253
0.0170690546957
0.00535835744817
0.00169917046019
0.0252407929782
0.000977932463149
0.00162962628159
0.00828044775713
0.00184593192
0.00778150759938
0.00905247540661
0.643220175394
0.000617725164136
0.000964503895971
0.0586745216373
0.00663375989281
0.00597095908861
0.0104666605858
0.00216852045347
0.0120757575477
0.0781695362244
0.123944969497
0.0864346585676
0.123408609773
0.00440648308
0.00116793502722
0.318823366454
0.00617266343744
0.00244147708031
0.00232159446787
0.00765268785317
0.00869771343665
0.00277788042589
0.00961800992406
0.00253163442183
0.0129513333521
0.00188996706411
0.00305590415716
0.00276182343381
0.00501317338987
0.00120611725657
0.00203575765531
0.000888307661979
0.0103949164584
0.00588680958031
0.00194224302173
0.00686511548158
0.0424288851351
0.00185348888947
0.447486077168
0.00170746531106
0.00086860168411
0.018355664399
0.00108906791779
0.00615889912661
0.00174773060016
0.0103090418963
0.00988915126886
0.00861153478074
0.0248155487834
0.0050957646892
0.00334224962686
0.00731259868742
0.0124255438823
0.00360211898627
0.0138220919618
0.00277535733207
0.00196480498397
0.00109168472834
0.00174158987886
0.00411380968314
0.00994439453062
0.00555092836267
0.00106469903386
0.00302808065259
0.0161497318749
0.00103563541858
0.000976286540656
0.00316774711299
0.129629495006
0.0168848517383
0.124221478804
0.0275387403107
0.00360941606511
0.00118898128569
0.0022712739822
0.000375659738738
0.000994233936579
0.0017585978959
0.00247107329886
0.000214054360733
0.00501408268225
0.00685849996447
0.000326397866452
0.00321302355896
0.00672264736216
0.0287232411436
0.000596825827005
0.0067456784754
0.00431188011046
0.00199460434216
0.00326436231236
0.00677450559043
0.00254335263264
0.00538614690839
0.00229880352027
0.00105219820829
0.00456225395677
0.00225335733452
0.00247391252318
0.000655506805857
0.00626144614986
0.00675408166522
0.0123491544825
0.00714439440133
0.00455150161659
0.0118382111894
0.0117418506154
0.00118934956477
0.00420553269606
0.00134252673709
0.00299825886024
0.000381007136272
0.0199371215271
0.00203471063413
0.000951610804022
0.00157760229052
0.00130413321526
0.00126043626074
0.00172858427431
0.00401523158108
0.00498694069218
0.0018377203221
0.00133149414618
0.00125007794764
0.00149765568593
0.0106653657385
0.00600464570044
0.00370208823907
0.000951983487822
0.00117007545926
0.00163320863827
0.125995801673
0.00406524609887
0.00212428981588
0.00234543197001
0.0105036696434
0.00466227388494
0.00764091449851
0.00428318117916
0.0063497175983
0.00523639007248
0.00657201375047
0.00126702186225
0.00127552711076
0.00309322091012
0.000886353625225
0.00514456371092
0.00522851655198
0.00205198658453
0.00540806434533
0.00254101199522
0.000754952522725
0.00180784879269
0.0103913711789
0.108267317635
0.0547543103537
0.00177461889969
0.00166959905694
0.00100856108092
0.00313232622379
0.0101815742955
0.00854966203222
0.00489586997337
0.0025294839317
0.00312788074077
0.00186876215822
0.00754698661111
0.00141216522537
0.000557914147426
0.00242532835762
0.00246360963359
0.00743880080193
0.00314953712911
0.00115765158703
0.00475480496007
0.00716488304926
0.00302783410461
0.00206829855758
0.00908517426997
0.000977707291854
0.00124197225227
0.00150001138864
0.00404579742218
0.00983733247977
0.0013616292269
0.00378533165943
0.00190946137089
0.00725625499362
0.00065162492108
0.00768378467998
0.344026378418
0.00596661407805
0.0112435641457
0.00656108212723
0.00240363070009
0.00523348852617
0.000848072010888
0.00218378936307
0.0094734767455
0.00116061586439
0.014764342935
0.000797414107059
0.0025740825425
0.443218302351
0.0038574036545
0.00373473440799
0.00077785528357
0.000936871634016
0.00316968674726
0.00120864623966
0.00085321239937
0.00259072181303
0.00830173618765
0.0020145898946
0.00179283898646
0.00691966668948
0.0026045316821
0.0397916682937
0.00693692630244
0.0341993281601
0.00117353353478
0.0144806013777
0.0130303412233
0.0146419788432
0.0128629347289
0.00379939169753
0.0109743308868
0.0110844263361
0.00332861891097
0.0271276297127
0.000892576096516
0.00123929217164
0.00216576718424
0.00147429243983
0.00109910121883
0.0321792229825
0.00309351682277
0.000502507600374
0.00170710456441
0.00191768046082
0.00373397260075
0.000768210929055
0.0102466805292
0.00423432092328
0.00236665289462
0.00187859240669
0.00197834600528
0.00761592105328
0.00180550517128
0.00128864927018
0.000365495302173
0.00110217175553
0.00112074807358
0.000525206535003
0.0030681907812
0.00105341637795
0.00343162825302
0.00301340438291
0.0014257131015
0.00203605572737
0.00903067332151
0.000262618330962
0.00205572601588
0.00430405506667
0.000822885800829
0.00589263239932
0.00216817373893
0.0019242027617
0.0205616757558
0.0199045468667
0.0165641699466
0.00187435456049
0.00277617775759
0.0171051081565
0.00902326069221
0.00948935312636
0.00199562144488
0.00245229017442
0.0116346689984
0.0023239481703
0.656853152682
0.984923820904
0.391734952433
0.253170377879
0.225939528792
0.915799193721
0.20300154362
0.694076425807
0.99398310012
0.579974609039
0.0037286446596
0.0979157401781
0.0139915785603
0.00461693145248
0.00276524090793
0.00338357361329
0.00593585580147
0.0012792694522
0.00344950248688
0.00319233376717
0.00270841173314
0.00182143344425
0.0816866486358
0.0100112154317
0.0121569790143
0.00164307844956
0.00965715472987
0.00364637596109
0.000746701247169
0.0013522057717
0.00183128840346
0.00372889841571
0.0053087027706
0.0123583069048
0.00237083775651
0.0146674847425
0.000963912768411
0.00180019557313
0.00213748996272
0.00401480472758
0.0079375978283
0.00273979119354
0.000536276165658
0.00101001140797
0.000773599364997
0.00413969014731
0.00641076113142
0.000670939981633
0.00907010070364
0.020180312439
0.00152012898846
0.00660729170078
0.00316545490054
0.00284613623539
0.00538396105819
0.00785720942733
0.0115989747162
0.00159247063585
0.00100163553827
0.025101685065
0.00161204411897
0.00130925661942
0.00750543222785
0.00498894525704
0.0023405582335
0.00194922521
0.00646632779991
0.00257385485146
0.0010103501674
0.00724275455599
0.00364715170191
0.00857168380332
0.00215418416234
0.0157285975705
0.00845180306004
0.00134862925925
0.00860837233155
0.0089039387501
0.00189044919798
0.00280955512673
0.00209411331228
0.00713374153632
0.00141158808144
0.00442272448921
0.00318391541332
0.0132987402957
0.00465870176819
0.00201431721894
0.00806954971481
0.00563639978051
0.00661396819485
0.0052798956788
0.0028699377195
0.00217738391032
0.00109045195409
0.00484955176928
0.0037940605701
0.0564899022145
0.953776556258
0.993309411389
0.985087084603
0.989850255654
0.00399154330144
0.00385856479502
0.015305783792
0.00440807696074
0.0172885035676
0.00166236525013
0.00665183921511
0.00146975255605
0.00149835662418
0.00282436451385
0.00221760123962
0.00133239571113
0.00351526579146
0.00997147508777
0.0057554133229
0.000326148038493
0.00153580616547
0.00412133533612
0.000865027231342
0.00375840681963
0.00300956835949
0.00153781643588
0.925744012835
0.00434701478545
0.00171501505947
0.00105409134997
0.0430583557535
0.00358947131537
0.000845892140731
0.00252720154785
0.0056197510318
0.0193768741852
0.00163132495472
0.0152620394179
0.00195978253067
0.00284276982154
0.00692717283962
0.00160381515261
0.00383903960009
0.0153227508746
0.00142516827664
0.000851553672096
0.00711192747276
0.00476636369237
0.00229764951136
0.00335504503235
0.00123142196316
0.0025947224423
0.00177222680639
0.00545402407614
0.00822181121118
0.000750728279178
0.00191230164753
0.00228254025911
0.00182766240208
0.00275121650187
0.00136535330634
0.0135598029626
0.0130351559928
0.0131563696901
0.00772397042673
0.00817926803713
0.0102659219228
0.00312209681093
0.0120662114592
0.000430465206241
0.0232347919809
0.00374015012532
0.013575925518
0.00313520401416
0.00363354515915
0.0148501587009
0.00612811407085
0.00118899122359
0.000523683795787
0.0115970981699
0.00294321289381
0.00236515751407
0.00245746769835
0.00184743566866
0.00320299083933
0.00789919322819
0.00531559401954
0.00911622932556
0.0049844848604
0.00672255815916
0.0197735494961
0.00207607628364
0.00141118573132
0.00276359237864
0.00256729848143
0.00371868146839
0.00465075646294
0.00243429834323
0.00421050643116
0.0101782431484
0.000806989431077
0.00181022781487
0.0143453879676
0.0010928678022
0.00743522355572
0.00110798502715
0.00226962851471
0.0020378101196
0.00617635547369
0.000912336756334
0.00449026096054
0.0015958777711
0.00103745167088
0.00245854556622
0.0169014318235
0.00278716061166
0.00376769671266
0.019836029446
0.131828788504
0.320192211689
0.00444694113034
0.00483082314966
0.00549432929814
0.00398183599701
0.00532751669573
0.00240761709423
0.00618016051735
0.00230230512472
0.00144431543456
0.00639353194178
0.00124781696302
0.00504558352378
0.00321098075503
0.00513452522675
0.00977215684052
0.00188828798406
0.00666948949133
0.000944020074128
0.00247445063938
0.0122421742795
0.00681296920232
0.00772691310846
0.00550770783003
0.00634390321311
0.00194833941148
0.00182678810395
0.0100859306502
0.0127943854173
0.058351482929
0.00945733533437
0.00457583109254
0.00994617605516
0.00127374975762
0.019994166675
0.0109968745038
0.00480822799335
0.0218112247975
0.00377373457768
0.00315944761413
0.00215942390039
0.00168906306698
0.00653330403941
0.0153082396284
0.00484127278606
0.00276978807094
0.00296345992364
0.00597266114823
0.00365218208504
0.0418767635476
0.00199151466278
0.00138117181944
0.000926012050577
0.00308116073603
0.00669386381287
0.00225119038643
0.00403179273253
0.00299624359204
0.00491803318693
0.00264339156767
0.00127904275559
0.000831874818793
0.00778645142786
0.00479611781493
0.00805251577862
0.000813292264703
0.00394337468582
0.00416525601191
0.00153132358529
0.00242696683613
0.00318301013084
0.00139514567623
0.0032367699742
0.000575991505206
0.00744271530685
0.00130287910381
0.00333487273662
0.0060723389333
0.00639237307616
0.00165923376767
0.00356253327721
0.00255314678715
0.00199325231202
0.00238687161798
0.00119634675602
0.000318452194571
0.00314298457573
0.0109482739777
0.00537936765961
0.00172935052025
0.00265714199152
0.00497050850205
0.00288400828044
0.00610731951086
0.00353600889222
0.00138530471164
0.00340389107294
0.00147283505189
0.00239964785527
0.000663870082547
0.00257299633427
0.00171270739499
0.00203621972612
0.00167130932094
0.00393133031339
0.000585279441094
0.00371513892627
0.00204878387268
0.0045568428273
0.00552982703794
0.00543012240661
0.00190913938339
0.00108723849862
0.00784612321124
0.00335573755703
0.00151344275068
0.0127670559376
0.00268436220517
0.00418249465645
0.00230117257531
0.00253874977545
0.00438598914275
0.00721395939048
0.00121589727697
0.0125886986084
0.00318153469786
0.00389756484848
0.00574834424258
0.00207819798464
0.00191560255365
0.00365402103053
0.000687951603164
0.00076751945337
0.00287881083601
0.00248448128124
0.00125032263326
0.00264242744258
0.00245036080256
0.00186943024898
0.0109949154352
0.0349121980361
0.00150708872364
0.00791320855637
0.00208780524794
0.108865068074
0.00240935541174
0.0266627951026
0.0356023895677
0.00500201628171
0.000728089105783
0.00148397052137
0.00287183998448
0.001857184989
0.00150122197744
0.00771294942845
0.00092232038718
0.000847539888932
0.00666678518494
0.0157616358357
0.00170440362555
0.00165890508633
0.00326813801862
0.00357037303118
0.00206140186905
0.00052088178154
0.00316042783004
0.0030421128504
0.0045201029264
0.00370289161209
0.00629470179943
0.0360452070315
0.00231370252876
0.000739124460218
0.000673963875878
0.00698761460738
0.0186572715801
0.00734946503644
0.00152203246106
0.00107505356324
0.00839421854516
0.00203938001032
0.00194710720188
0.0041922402464
0.00340665300673
0.00537797765283
0.00393850182861
0.00356190919945
0.00306615527289
0.00109925769306
0.00237945332283
0.00499056467973
0.0021626841747
0.000976168240928
0.00722427457534
0.000745094987375
0.00188032235224
0.000840181007985
0.00181389324722
0.00363976046914
0.00368563744845
0.00443069837066
0.00953387037871
0.000804428142456
0.00163086878055
0.0106881696757
0.00144868549785
0.00118536545079
0.00590064925605
0.00146980692851
0.00385237164632
0.00136021513387
0.00142660885424
0.00618965478371
0.0032638737703
0.00990008910727
0.00144152008175
0.000971064484362
0.00832225753702
0.00537500623635
0.013245701467
0.00365388003081
0.00678506202813
0.00208735940021
0.00384067303432
0.000596824918764
0.00189428181351
0.00121099747929
0.00114273358666
0.00153318676473
0.0058735461852
0.000727153272767
0.000773740086977
0.0025357844345
0.00128118528891
0.00377027300031
0.00395721879415
0.00234964148845
0.000597363401535
0.00953645569921
0.00496550536208
0.00552366157414
0.00463326803021
0.00234139465259
0.0041981016586
0.00105718209685
0.000742537538014
0.0160419770702
0.00625518949886
0.00281465512762
0.00592005323076
0.0414246432283
0.00475790852272
0.00132586509059
0.00493563123138
0.0054149338756
0.00173559384128
0.00351962387273
0.000664600512023
0.00200419365585
0.0114354457374
0.00210273591353
0.00218635129826
0.00187008313187
0.00155035381528
0.00093088620169
0.00108007359434
0.00603412373441
0.00128332206449
0.00151964732171
0.000648471256146
0.00170245335913
0.00115649357147
0.00128195818319
0.00124993177347
0.00375589937439
0.00254523816069
0.00460877637334
0.0220684443528
0.000381605499564
0.00100440164524
0.0364371148532
0.00195471499636
0.00290723492867
0.000789575631115
0.00215025816923
0.0964413894212
0.0154097332011
0.000933305592584
0.0289074288992
0.0114922030351
0.00077830024752
0.00201618678927
0.00211529946074
0.000631905207723
0.00180870844676
0.00188972122602
0.00752393134484
0.00222966864544
0.00208738802746
0.0102394670679
0.0043052178362
0.00123544195015
0.000742666229979
0.00289353057699
0.00043649568498
0.00239721346456
0.000893644622485
0.00398238016182
0.00152436204073
0.054470610191
0.00639690400784
0.0012111618211
0.000948074551977
0.000549224352669
0.00216968789552
0.00194446364212
0.00420691979096
0.00371868837618
0.00151840409009
0.000873462357785
0.000819291814877
0.00441704441926
0.00331208946976
0.00402369417593
0.00461101704919
0.00333357681115
0.00344922152219
0.00219512765337
0.00664367787151
0.00108820052433
0.000724954235796
0.000504892631762
0.00620010904897
0.00210094841461
0.00226618586777
0.0174257062141
0.00232061254705
0.0103214959448
0.00285782259363
0.00588500610006
0.0029651912412
0.000905991052012
0.00155809686419
0.00111996503144
0.00453675355611
0.000700345023429
0.00174255543118
0.00307045939837
0.00343814375008
0.00462103041841
0.00631710763113
0.00804062712911
0.00795668981516
0.00254562882969
0.00104063966844
0.0150952901828
0.00248528279028
0.0107356390799
0.0142892997725
0.00554111294682
0.000533382698718
0.00247173825968
0.00862277016932
0.00352287103935
0.00215509134313
0.0178208891444
0.000936928164759
0.00602466968232
0.00867683999763
0.00535325267668
0.0115289578564
0.00281760903812
0.00928762180723
0.00130523212764
0.000806137448078
0.00249573950474
0.00165565769364
0.00393632582248
0.0019727149473
0.00256885741002
0.870209841436
0.0227676052561
0.0024922075742
0.00359866252438
0.00289704045574
0.00166208677277
0.00137563665522
0.00437425726923
0.00371218246487
0.00194918259709
0.0108614321151
0.0113833508951
0.0074439676785
0.000665649025615
0.00649486676333
0.00163297480926
0.00986977623654
0.00934611678259
0.00492827834158
0.00166185429447
0.0061735153156
0.00794204433182
0.00260739489309
0.00516401680219
0.00523877602972
0.0116740629251
0.00273011891071
0.00568733224399
0.00543373739032
0.0105718505628
0.00508029771852
0.00293253906786
0.0047046282264
0.0036261294272
0.00181121103295
0.00282314970818
0.0050574531395
0.00204384117374
0.00165355211105
0.00314264524981
0.00172813938057
0.0100450568292
0.00440015027993
0.00534623939139
0.0040470239529
0.00325962060249
0.00630104291635
0.00421198833357
0.0024575343167
0.000693441972464
0.00658696587852
0.00607803039311
0.00297881532501
0.00142299423479
0.010136229318
0.00354665722866
0.00285365827476
0.00225267127942
0.000924133278143
0.00391912228241
0.00130742530045
0.00349290738621
0.00599162686727
0.00297734817878
0.00802977069517
0.00956311421625
0.0112507867987
0.0103483186264
0.0118507593695
0.0136605102553
0.0020500929602
0.00924810734485
0.00216381332582
0.295789564902
0.0251517167664
0.00585018035369
0.000648001753372
0.00509465260181
0.00512563201356
0.0506214621607
0.00137057909743
0.00477976423218
0.0026174328523
0.00718590704868
0.0076500985592
0.00869556981748
0.00808145060237
0.00591697713222
0.00565282884035
0.0032034679766
0.00371747544696
0.00462671252489
0.00241872172226
0.00425924768143
0.00168995291084
0.00217451338735
0.00952640229251
0.00559133978152
0.0037295477154
0.00347311374214
0.0020030032319
0.00618886701775
0.00117465918269
0.0015950811517
0.0018668615394
0.0107418745226
0.00433246090988
0.00125653832596
0.00244817788236
0.00173227923102
0.00421567971256
0.00128975016089
0.00178578795133
0.00183160216134
0.00587612570213
0.00530736954289
0.00111643355526
0.001432038996
0.0043510399682
0.00426053189143
0.00126171716702
0.0019605807989
0.00218523907865
0.00616841103003
0.00712846217615
0.00348250335098
0.00245904956173
0.00102550933883
0.00920536675467
0.00212358138947
0.000954690774018
0.00153954184248
0.000975336820907
0.0024864592799
0.0070358883881
0.0195853774353
0.00353252356802
0.00741823602105
0.00481713717003
0.00186664691411
0.00168557784781
0.00121723662624
0.00346463068019
0.00616300015678
0.00946892783298
0.00495311921488
0.00801792709782
0.00466281338055
0.00148869119443
0.00487183734251
0.0144471525631
0.00389633016828
0.00198700006444
0.00199933970594
0.00165612094128
0.00230209130083
0.00141387059788
0.0183348387935
0.00210918671454
0.000843184110527
0.0105537710226
0.000794870770364
0.00688868418343
0.00299494267901
0.00238150509455
0.0111168905985
0.00118895954726
0.00140543743642
0.00231766108093
0.00134677548385
0.00357874952123
0.00251297388921
0.0160485202654
0.00673481113513
0.00964532594735
0.00199607023812
0.0023940487185
0.00122477837294
0.00219096348963
0.00284954870048
0.013678964385
0.00059525901474
0.0089164417973
0.00533343091147
0.00524776690495
0.00262723337746
0.00535252382094
0.000344425374934
0.00386632736442
0.000649852809762
0.00505723986937
0.000550889297886
0.00219775010216
0.00151142192722
0.018188451218
0.00057927770156
0.0198971819761
0.0295083715367
0.0064772244681
0.00743499702252
0.00369897101615
0.0145424908543
0.0139728713017
0.00310776260784
0.00149810588375
0.00367983887034
0.00112500133699
0.00137314476615
0.0023092585345
0.00119042942006
0.00503333671377
0.000695794858749
0.00162454934344
0.00343307565766
0.00449230717056
0.00333947770186
0.00271485692671
0.00189050224854
0.00101981222115
0.00149427136687
0.00331445997421
0.00263140172394
0.00578420609387
0.00418665578753
0.00233455041219
0.00326975478573
0.00583083535643
0.00666990111595
0.00625671057826
0.00930476931356
0.00493913479519
0.00647059690918
0.00413987124536
0.0126802135679
0.00449786467567
0.255598343454
0.00157828346944
0.00191438583434
0.00260436311869
0.00220017020374
0.00563010278872
0.00440621325127
0.000796834932529
0.00279183858842
0.00102112942307
0.00809613264724
0.00149083639982
0.0014444041105
0.00228577532678
0.00270810066976
0.00193812035886
0.00453192861495
0.00389671955123
0.00408405756901
0.00643433375939
0.0288586549525
0.00153051080582
0.0253799583842
0.010137434342
0.0466146634144
0.00758821222731
0.0151181318965
0.00582824883454
0.00090017804206
0.0048824018654
0.0024621381874
0.0047899837346
0.00702389437377
0.00343038015522
0.0080565978828
0.0125763751583
0.010016907417
0.00643005557113
0.0070477029684
0.0190549256177
0.00110098318332
0.0209044436591
0.0137547466309
0.000745059383415
0.0136119856728
0.00356050816161
0.0104178522244
0.00474710052242
0.00436060884555
0.00484065692928
0.00226632126687
0.00109072505142
0.00285864191729
0.00628098346606
0.0125280689569
0.0031401820549
0.00383627461181
0.00391841750875
0.00265572546399
0.0018974165418
0.00586341269988
0.0114424843198
0.0108090894679
0.000657128798111
0.0115156627918
0.00367240750928
0.00255479164295
0.00712025794646
0.00244648839973
0.00747684122747
0.0139616393676
0.00293993105558
0.00939087943023
0.00407724081491
0.00129839519637
0.0591510009283
0.00169788153801
0.0388478973571
0.00116499626864
0.00186379291385
0.0101626232125
0.00290879986949
0.00199818829275
0.00256178031484
0.0033239232587
0.00141075197361
0.00375282901257
0.0115548424946
0.00762790476381
0.00222709223853
0.00198901646718
0.0024066981071
0.00176615847485
0.0143778124851
0.0105793726095
0.00500531432716
0.346473116069
0.0199589894676
0.00658030953805
0.000479012027251
0.00249719410257
0.00213722429681
0.00324030127907
0.0022581337429
0.160895029242
0.0019758365522
0.00438859555056
0.00700659670881
0.00688702151191
0.00709073531654
0.00795066361234
0.00325153113797
0.000939112259322
0.000638106359963
0.00513912175923
0.00156549280682
0.00137748889937
0.0173591127359
0.00075762249908
0.00133081580326
0.0133213532229
0.135393474433
0.0628741527112
0.0149574658936
