0.00144873521656
0.0116952351266
0.029662057066
0.00168065591347
0.00227155327174
0.0014679923412
0.00930961968623
0.0925943523696
0.00936147613385
0.012987918288
0.0152609011947
0.000951712375537
0.00354780646339
0.0183453408717
0.0103707383529
0.0125656961721
0.0534927469023
0.0101002678665
0.0120576257517
0.00409081609732
0.023224152128
0.0256053415408
0.101603512862
0.0484668958375
0.00117357724115
0.00927071972109
0.00190920248629
0.00104878680367
0.00739802977542
0.00168141602279
0.00632473374137
0.00159939287757
0.010975191387
0.00676957353358
0.0149218229193
0.0205027861968
0.0087200267003
0.011123721647
0.00800612651348
0.00498382956295
0.00952788828395
0.0129340865903
0.0308548343669
0.00233635888479
0.00498555312674
0.00330265693826
0.00295711099533
0.0198923803275
0.00155289226984
0.00583447912166
0.0112284023533
0.546928350746
0.00182752554283
0.0136983793928
0.00142746130084
0.00505988051212
0.0201190854998
0.00612558098683
0.0162649297454
0.0103416111734
0.00515705786449
0.00344014315709
0.00320353262083
0.00686111804649
0.00418357296446
0.00541057158067
0.0138205967375
0.00136230029445
0.00254801860081
0.176385902513
0.0239409878599
0.00616424235502
0.0202005201138
0.002660976968
0.00111489059526
0.00299124159902
0.00334780777063
0.00642446250168
0.00107377102719
0.0100384130053
0.00189818302388
0.00191756514205
0.00652692890549
0.157993242602
0.0933150242574
0.0306202931258
0.0102449454303
0.0201835127417
0.00170456354816
0.00360126395526
0.0111248826867
0.00519213600453
0.00347693544008
0.00331717322189
0.0296617349897
0.027623705539
0.00834157126548
0.00443120959112
0.00318078741965
0.00451016743385
0.00173800107383
0.00220881115035
0.00919534425106
0.00495203632248
0.0105791874126
0.0352663647362
0.00341366053627
0.00224103168775
0.00373220375383
0.602641728942
0.00194835762868
0.0436958758259
0.00347757453868
0.00233843067446
0.00548159041903
0.0043364988082
0.00429451579602
0.0021257187011
0.0111479101299
0.0271608366728
0.00964055001361
0.00222396221798
0.0164318412878
0.00682150368606
0.0048278152475
0.00368739037275
0.00289502906428
0.0049280978319
0.00352286930739
0.0237295680796
0.0160152445219
0.00231505238736
0.0830006000387
0.0356081548234
0.00114764978512
0.0676275929006
0.00619089928202
0.00151506085445
0.00262131947264
0.00418829624745
0.00474035884053
0.00577857435884
0.0130177783211
0.000491638877358
0.00283278538115
0.0264642223311
0.019146486251
0.0222424987994
0.0134301105285
0.00607525299326
0.0091747100113
0.00324183465105
0.0416769458141
0.000914220883778
0.0224516273386
0.114816631124
0.0423385251938
0.0113828009251
0.0141792350028
0.0514972150285
0.00568293039428
0.00774727970155
0.00650593881533
0.0114639914374
0.00114507947446
0.00376452944218
0.00351223054273
0.376842783146
0.00558056351679
0.0105949464491
0.00398628586602
0.00507255442878
0.0249932645521
0.00337433748837
0.0022793743066
0.011234688374
0.00127959092582
0.00837458103372
0.0197313032616
0.00179820883408
0.00292805182544
0.0475641483198
0.00807622128887
0.00431578263806
0.0153098986543
0.00237177503289
0.01632592401
0.0677345927636
0.00469102382808
0.02641567011
0.00382387449453
0.025759028324
0.506361369492
0.040464202569
0.0155156302278
0.00612453541934
0.0211035021058
0.00344889856379
0.00948790428286
0.0330134631919
0.0073212353421
0.00399283517619
0.00247462474705
0.00423168931289
0.00940163806836
0.0297893302377
0.00507901793427
0.00699442556287
0.00452257124384
0.0243263014834
0.0962834090968
0.0010013247225
0.00473633510615
0.00552304350383
0.012846074959
0.0179475701963
0.0101695225955
0.00964337655502
0.00682612354322
0.0293309519437
0.000667814859941
0.0166349222133
0.00453571616053
0.00760038492605
0.0134459152018
0.0143069434642
0.00982415324697
0.01604266276
0.00133181475765
0.0124582337935
0.0277016127048
0.0052971088718
0.0013841691771
0.00619704502497
0.999998755432
0.821428377786
0.0483184503236
0.026195882476
0.00236681303309
0.0134970657522
0.0257221182275
0.00128252545132
0.0021537277232
0.00290044846618
0.0315443340701
0.0386411736089
0.0666189695719
0.00519293104349
0.0288108346834
0.00957279097629
0.0048034317618
0.0330763965561
0.0800185151803
0.00972078306331
0.0298532509468
0.0199635545103
0.0205918819704
0.0325447688581
0.00248928950703
0.00260378241022
0.00329005844957
0.529329695761
0.19050324359
0.902829830359
0.04079065465
0.0168255003575
0.0164050505107
0.0031174335368
0.00617443542636
0.0116955397266
0.00378007261089
0.00377426243694
0.00283727544759
0.00724458327706
0.0912477078344
0.0143577154826
0.0036790045831
0.0262227038894
0.00503297314829
0.0136830040071
0.0351185215015
0.211971654284
0.00783525211493
0.0138184612777
0.05600470663
0.243466108985
0.733635293604
0.00336779281602
0.678655691001
0.0472932267931
0.0130652646345
0.0683048100353
0.338026648754
0.0217498556542
0.014679534432
0.0839466346891
0.143772504196
0.931575506817
0.035319090697
0.0449295295163
0.0153746575627
0.0132469392442
0.0178898606595
0.0179219406455
0.00406932534724
0.0096387323428
0.0167293218983
0.0125948560747
0.0121382338891
0.0211884163704
0.0359847986499
0.023295608993
0.0129704594876
0.00424266332619
0.680225393734
0.971337945805
0.64644063697
0.00943707489952
0.0605934718295
0.439511108509
0.0044361637697
0.00837120426199
0.00152510260099
0.361612055839
0.789251421625
0.0848951623053
0.108687339417
0.00220384687566
0.00195567825159
0.00920591052734
0.013359769831
0.175386309212
0.767265573042
0.0814259762133
0.0051616778146
0.79906875923
0.000992960717454
0.00924591534872
0.00524824678428
0.00479860737607
0.000747220476052
0.272403808022
0.0490487590787
0.0631546348511
0.0481326439734
0.226165044046
0.0544670077357
0.919229140944
0.991361478145
0.138384103487
0.00382203181652
0.0114748307896
0.00260870178253
0.0832010597126
0.0227137853922
0.0059926910291
0.0615346719252
0.00270762442999
0.00252895888839
0.0013796350572
0.0355238282388
0.0170401594239
0.0255175544795
0.00396954683811
0.0250805063475
0.0080746423696
0.018315308102
0.00176559384041
0.00261625372762
0.633220825116
0.156663036359
0.536705660396
0.00270779453246
0.00213868759735
0.00247086561704
0.19525815728
0.00886474430248
0.224862061261
0.0446779351832
0.373883236135
0.157740969275
0.954713481163
0.164742807824
0.931054044611
0.945544868278
0.662808602177
0.016468291465
0.00319132510541
0.229738347365
0.991459833656
0.106574978303
0.0206103150502
0.225628525081
0.0879611205882
0.473538143139
0.0100038794821
0.0497510043621
0.418445881591
0.00236805578912
0.00337999669131
0.00318439094968
0.15908359852
0.0127908436616
0.00149555496508
0.00396204752403
0.00829134480965
0.128324260941
0.00156625000465
0.00110666324856
0.00223240513899
0.00289361992874
0.00402252993077
0.0217010359674
0.014962502407
0.251923723285
0.0054242169848
0.180709627465
0.00892343334643
0.00841050580947
0.00348768691006
0.0045457240879
0.0612635538049
0.00840961600734
0.00451184309974
0.00268223178891
0.00315236939732
0.000803904427739
0.00179553452619
0.0275551451709
0.00376621541085
0.00195470909435
0.173294513545
0.154179769024
0.00359815981682
0.00288794165836
0.00705233584496
0.0029064365996
0.0162224052705
0.00356701037477
0.0228744463848
0.00334262001866
0.00478227359744
0.00443495770141
0.00680483407231
0.00322288049929
0.0150801758142
0.999995009494
0.0813683036288
0.0231035768871
0.0636454352054
0.00239017174974
0.00981310047075
0.29852593675
0.00750910564459
0.0101000206844
0.00436194347654
0.00708041572842
0.00108415769956
0.00469404844323
0.0131954281873
0.000704829283371
0.000759724634773
0.00190361886421
0.00529990789608
0.0257270621011
0.00136321751523
0.00647535741222
0.00503906528001
0.00114889494157
0.003069478045
0.000792953973574
0.00106102668594
0.00280078242834
0.0079035884629
0.000741212100928
0.00611972077588
0.0039743608273
0.00249206604839
0.00285823007709
0.00321005376601
0.00787535892394
0.0110787980124
0.0214737676369
0.0192972777028
0.00797929012832
0.00543597928884
0.00113242497856
0.00759897424265
0.00655619229329
0.00138308480758
0.0464647491289
0.00305381984931
0.990107709283
0.0191341102045
0.0969080676205
0.0114845469264
0.00415744529055
0.00295363867333
0.00287739594801
0.00324802838262
0.00508258816083
0.00428704915195
0.0082991230362
0.00130445531806
0.00114533323461
0.00177312872035
0.0144866936408
0.00321053535848
0.00505867180341
0.00325272393688
0.00191738669752
0.00509718349865
0.00914220708995
0.0217756335365
0.382392589016
0.539087992893
0.431652804324
0.0251767529221
0.00527530372857
0.00776602915573
0.0836101859692
0.0672348744493
0.0141219368597
0.0139296618995
0.0109083027427
0.0204014067377
0.0706529356895
0.027986959596
0.000989349948907
0.00581118607252
0.0326601249206
0.00783409813837
0.00433315873936
0.00200885200683
0.00357265142888
0.336300918767
0.0031065656499
0.00507435093496
0.0547257951944
0.00322270200683
0.00668318734876
0.00523796912233
0.0134362716393
0.0164787452378
0.0103329094701
0.0109644402676
0.0142608060541
0.0152699373787
0.00333027672369
0.00718707339664
0.0160385553116
0.0311006727824
0.0252003306221
0.0152491959091
0.0189701684263
0.00909222778179
0.00571316124155
0.40112608477
0.0430376098524
0.00552150152034
0.0171918092527
0.00278779518932
0.09064888833
0.0285230814059
0.0966803504621
0.0252426343594
0.0399829306599
0.152633548159
0.0129246178912
0.0174691275352
0.00834664175752
0.00995975101543
0.00178796820601
0.00706920493128
0.00354354021784
0.00412543867821
0.00379576328575
0.011872064049
0.00444467043881
0.0488533771723
0.19862719126
0.00316580954446
0.00983348164068
0.0156514776463
0.00250292862747
0.00770029170808
0.28916572822
0.00933502700453
0.00146006611838
0.0227573138575
0.0348045317639
0.00219247071358
0.000734849598218
0.0406341374743
0.00188519602541
0.0018568249148
0.000904821624301
0.0059130941815
0.0190746838711
0.00639693932833
0.0562047170524
0.00907968048306
0.0168454830953
0.0171538887573
0.266365988856
0.00929947657957
0.0373662354708
0.00754797617892
0.0034574554268
0.00517157830227
0.00672874911401
0.00240124772314
0.0195835244683
0.0100016216545
0.00351544869095
0.00150483940862
0.00651026805633
0.00202426402998
0.00512155625379
0.00435647336313
0.0019905902588
0.0525179410774
0.0835336054426
0.00160121858372
0.00552948786945
0.0126158219733
0.00566824716994
0.126753448388
0.00545524367874
0.0146493015064
0.00449905379715
0.0388349183399
0.00297425138137
0.00533997243152
0.00273784463011
0.0005622893019
0.000863109833621
0.0220540704416
0.018197967682
0.00371933258873
0.00688261206716
0.0236907141231
0.052141266147
0.00580032859052
0.0306712438087
0.00297399372838
0.0173235604419
0.00838081116931
0.0353344996359
0.0570375900954
0.00578854028722
0.00320973410781
0.00381208670871
0.00334346233658
0.00669315669656
0.0177189071478
0.00140942405593
0.0015165027346
0.000962232965634
0.0449233707873
0.00130234721939
0.00404054255349
0.00695766698795
0.024150145661
0.00271289857844
0.0192188553392
0.00386118932901
0.00274336675728
0.00205795781052
0.00128646876924
0.00171160176704
0.00291070785723
0.18607299581
0.00402153346267
0.001075847317
0.00815091719879
0.0246832366067
0.038269568047
0.00223011228825
0.0051619628288
0.00289240675792
0.00788165437774
0.00743533274709
0.010546366469
0.0153793523577
0.0161371422417
0.00546164282146
0.00455914151648
0.00825732120466
0.00921945636195
0.0288149684726
0.0712791102109
0.0271707433872
0.703643623046
0.0253684475777
0.212939730065
0.0330147750747
0.00883011243339
0.0107748103936
0.0147095386106
0.00534421914604
0.0186683258434
0.000887478662141
0.00477758859988
0.00129822098811
0.015822063737
0.00152759651777
0.00227369845498
0.00244777112613
0.00721265592853
0.0210126376036
0.00493594958056
0.00488841561604
0.00170179834065
0.005774367776
0.00180016491572
0.00274761298914
0.00591906268704
0.0019094290699
0.0108388602115
0.00267990726861
0.00976418698505
0.0029961434328
0.0181299762586
0.001145754331
0.00686075846665
0.00788409682636
0.00072406499393
0.00940661897588
0.00200411529213
0.00145477831517
0.0133074945644
0.0155165377791
0.0107075966873
0.0622882641113
0.18382947442
0.0522582979887
0.177713447605
0.0705233383306
0.0691745915765
0.0411180349165
0.0709431895626
0.0309178322661
0.00262089069586
0.00221353042564
0.00391658496339
0.0158099565826
0.00266230009336
0.00233803024354
0.00154786491193
0.00414159642929
0.00683971482652
0.0066570740602
0.0125530354447
0.00149869767396
0.0190490979242
0.0658260048569
0.0157668191839
0.00550573365137
0.0101033932366
0.00726048691138
0.00145954704657
0.00943436253163
0.011414786259
0.0543826665751
0.00275768641911
0.0268154116543
0.051299411488
0.00348307946867
0.0131432960085
0.00102425320698
0.00616239735818
0.0191459400426
0.019281249168
0.00968627914059
0.0127467577182
0.0235636531956
0.00227992667342
0.0467777153066
0.012491654198
0.00484964509384
0.00554077262773
0.00689586315196
0.0120699041863
0.0195311116206
0.00931370055721
0.0236543782461
0.0926039161884
0.004671709123
0.0280463217527
0.0248844854237
0.0252227475105
0.0252267489734
0.0137623991985
0.00263848009342
0.0436395879826
0.00918364611998
0.0139743686201
0.0137541896857
0.0260039177889
0.0184091712775
0.00209800019115
0.00274377254119
0.0129694187621
0.00465111560319
0.00342632345247
0.0053803205111
0.00767582178674
0.0139666095977
0.0283980368203
0.0202339966741
0.792765401805
0.00490670728804
0.00531868849287
0.00100825274902
0.0417903879176
0.00218041689852
0.0526631510662
0.0440269807843
0.00911294156517
0.0763228773893
0.00201537309708
0.00479510945783
0.00169724673648
0.0682507186019
0.00391657262803
0.0531615364877
0.00312970397642
0.0208441864128
0.00276586741266
0.0311282113165
0.00500544621502
0.0231803751984
0.00252240680479
0.0492089015455
0.0035150310689
0.0224325229751
0.013048151959
0.0111998838288
0.00991037395409
0.00507196158111
0.00225552556165
0.00690653360081
0.00205066476689
0.00279346182192
0.0030209631005
0.00433098352532
0.0202221785569
0.00492127359647
0.00650801390544
0.0236839975643
0.0145607897246
0.126036321608
0.0996023412686
0.013496925671
0.02132524932
0.0505239346498
0.013342453837
0.0100502493839
0.00405012614753
0.021310948545
0.0560886956553
0.00777110099621
0.0029502862338
0.00681801137886
0.00689786628167
0.15150878562
0.00297871786814
0.00592348952123
0.306148181307
0.0550550479213
0.00707778153358
0.0109241198478
0.00810055142428
0.0016845470147
0.0815269986051
0.0114644583841
0.0505111627268
0.0199235865826
0.00525189619857
0.0245115326882
0.177408785217
0.161783360143
0.88104666478
0.0898827744292
0.898357471501
0.081718662182
0.333660597285
0.0191123410925
0.0085054918469
0.00183394390878
0.00487876365948
0.408609505918
0.0153919563226
0.021634225513
0.256392917749
0.061889995433
0.979620928053
0.0158352796176
0.0169462912221
0.0640001368034
0.0144411072743
0.753148641627
0.239441761467
0.0262425306495
0.00990232621001
0.412208258293
0.241054560254
0.000383332221277
0.00423342866473
0.00282319953482
0.0286559948425
0.00619921505153
0.0262190354297
0.00485032213315
0.00357011950041
0.0400502988216
0.00148049227891
0.0109224278177
0.00265794117587
0.014273292535
0.4435968311
0.0140875169531
0.0423935242379
0.0181651765241
0.011318222111
0.00657095620328
0.0202284661657
0.0034427840901
0.00870825026307
0.00532299214449
0.0252104487732
0.253181835607
0.19727841179
0.0823174244258
0.262997778202
0.0197270458489
0.0116736590561
0.00548258189705
0.0314855206474
0.400608324722
0.105932749766
0.540681990761
0.059421399012
0.0822792332087
0.887600023255
0.892627825741
0.789436759821
0.009657431137
0.0654959129889
0.039727451623
0.0424820596436
0.0163295113684
0.0318544253261
0.0131563639208
0.00657577320059
0.00170676258081
0.0996730991118
0.0258764055105
0.0100370058765
0.0145466531368
0.013213724039
0.00284371662012
0.00654083158294
0.0254823193464
0.0302850251093
0.0134569213253
0.00336668158952
0.00184561548506
0.00308373139614
0.00594279261705
0.00119467102225
0.0107578855873
0.000738660281744
0.00504408886434
0.00603564505356
0.00101499952479
0.0138784388987
0.0138527023261
0.00232696289415
0.0205573044259
0.00813962821595
0.00839977538535
0.01064059894
0.0743647216531
0.00110137888972
0.00350910161733
0.00236859853941
0.0306609831897
0.00303608966727
0.00643747937114
0.0107461301567
0.000666985158113
0.00110247984552
0.00556685002177
0.0105800894559
0.00870330904247
0.00415027370079
0.00308534332961
0.00208481986921
0.00654870710597
0.00196476561495
0.0248856141571
0.0170388032872
0.00390276176151
0.00328835507333
0.0108039023196
0.0158907217917
0.00534881598401
0.00171861980118
0.00568781261843
0.0227233585502
0.00384997035423
0.00230930889521
0.0160635812584
0.00460233750498
0.00331617545575
0.0024447892162
0.00926222806801
0.0765948830134
0.00577878232382
0.032991866185
0.150801699971
0.0154170339069
0.0822127242138
0.00935534681441
0.188893571656
0.0168466398364
0.00526563498274
0.007007924042
0.0316680294006
0.00655071990503
0.00801549317166
0.00127840519048
0.00955072766942
0.00363843489394
0.00244504955849
0.0443956637603
0.0228234706464
0.0245522313339
0.0236367475105
0.00386030215322
0.0217998823043
0.0188549331815
0.00532022491984
0.00379004296024
0.0210042661197
0.0181788482891
0.00635544167345
0.00640223897368
0.00285941875861
0.027172277686
0.00374698450416
0.00806665434856
0.0115044157872
0.00261007513258
0.00380400912467
0.00310766223196
0.0093984182338
0.00203834145189
0.00426502786533
0.0189011154248
0.0130850782416
0.00495149968028
0.00241284319333
0.000917788459159
0.00680780355682
0.000850730529716
0.00272938496414
0.00546510108424
0.00736206412597
0.00639599464048
0.00146443737692
0.0114282205681
0.00508309384004
0.00438246358093
0.0147115740028
0.011982878671
0.0115090183236
0.00447485668693
0.000840127389133
0.0489534102879
0.00442484531446
0.0992809164138
0.00170480669104
0.00280575645682
0.00571580165822
0.00604498755223
0.0206417705224
0.00571637190596
0.0205815917138
0.124674397102
0.00346325429396
0.0365114609045
0.0220727898378
0.0124269073007
0.0198308068455
0.0465987915122
0.0154746434528
0.00920125878029
0.000715072491106
0.00103971068843
0.0164567705195
0.00262486453668
0.0097148766419
0.00215707508034
0.00149640206996
0.00106614392079
0.00330610878904
0.00471457765658
0.0157917805144
0.0175577492466
0.00831288944369
0.133881595087
0.0168306447486
0.00102746673888
0.0224597895728
0.0126898756723
0.00317599747739
0.0114184669271
0.011613895496
0.195789571227
0.0593884489659
0.00416844310216
0.00571729205582
0.00641073373653
0.0120061892149
0.00559925930037
0.00162252949039
0.000650034601335
0.00161763760893
0.00936945987696
0.00325689657011
0.0187961050926
0.00322029042616
0.00272435348086
0.00665011989491
0.0169256201707
0.00622753295878
0.00220534252959
0.00636028849091
0.00270217473979
0.0217799078388
0.0132931160426
0.0132048334237
0.00367863810023
0.0148170762232
0.0941503210577
0.000811624350204
0.00839260050221
0.00787893870518
0.00161015564092
0.0028506850291
0.00506894743813
0.031174441376
0.00881913921052
0.22292010956
0.0305209872586
0.00165407399019
0.0106569058599
0.0152731512835
0.0496329615662
0.00841445846713
0.0029948323843
0.0346422481384
0.00119578668114
0.0127766879583
0.00537734240451
0.0111956487554
0.00893165454726
0.0255257967988
0.0241373008939
0.00814648300334
0.00871615315401
0.0304596902023
0.0293386857612
0.015631290077
0.0897351243087
0.0259856750396
0.0244903278269
0.297091059579
0.0115737193368
0.00670043738131
0.0855305985101
0.00565170414879
0.0784210845639
0.00947811183132
0.0113476200143
0.0164380102975
0.105236118564
0.215618771235
0.00681457483422
0.0461108976164
0.020892197058
0.014585818923
0.09575481837
0.0551530716793
0.176818559813
0.00791892892714
0.0139334947977
0.0202993627194
0.00452350835832
0.0206460436155
0.00266692227542
0.00350007170684
0.012146768457
0.0205450425964
0.228390923288
0.898146551352
0.0129959186805
0.00509691679075
0.00589553435677
0.00176660060188
0.00286796085558
0.00335216518304
0.0645001922312
0.0206405451828
0.070608052654
0.0290047102081
0.364803096889
0.961977632324
0.00725278401739
0.131660495621
0.00498633428942
0.452618610675
0.0641358551183
0.629434524136
0.13750354444
0.161403398028
0.0037247331779
0.00414484173215
0.00287411972206
0.00243342151426
0.0108765159732
0.0096297768351
0.00888201114392
0.00683157473002
0.00365651941279
0.00674048996709
0.021593895571
0.012006007677
0.0255479547393
0.0063787517803
0.0106149173341
0.00339613203214
0.00180881122567
0.00873244336233
0.0073383528292
0.0203365649607
0.0141325061065
0.00254375207246
0.00196166653394
0.00120293590897
0.00194691854857
0.0072772056096
0.0543504192083
0.00313407641006
0.00838598884518
0.00822603272522
0.0107340811403
0.027086591758
0.0207358979864
0.00309369739475
0.00687252893645
0.00281133461163
0.00690855890378
0.0114769358289
0.00393485700047
0.00421122468829
0.00518608737096
0.0368963153961
0.00713415958723
0.00482283078211
0.00240035814323
0.00853293841043
0.00546712561404
0.0231785629709
0.00586385729262
0.0145585426051
0.00821119201508
0.00189612147549
0.0192517793472
0.00992669305603
0.193487442099
0.00691571617595
0.0663549585103
0.00163355740664
0.0346666848516
0.0310434229912
0.00304945962979
0.0426521206173
0.00103522243524
0.0460804247321
0.0745158268967
0.0374375661486
0.0340976660686
0.0171980959937
0.00758685184841
0.00689693283747
0.00713470316433
0.102811925861
0.00324334929294
0.0801345392881
0.00351967409046
0.00249271673219
0.00667613691057
0.00135588588295
0.00170676801527
0.0103190888707
0.00917329802996
0.0144055263184
0.0118198344254
0.0201436514186
0.01323860897
0.0114860714062
0.0102217025071
0.0064335235424
0.0151585035435
0.0151667124171
0.0106586457017
0.037386619378
0.000587567507832
0.033323794633
0.019318369083
0.00229380175714
0.0273679489681
0.0106743195164
0.0142685618518
0.0106035242594
0.00160095952279
0.0066373786912
0.00230556672427
0.000840333852058
0.0534343876355
0.0127608150008
0.0104222283554
0.00355056457607
0.00871070202608
0.00628748214966
0.821126671186
0.00214179613361
0.00173541822738
0.0013192272492
0.0219265429553
0.014802724237
0.00306171591561
0.369701542002
0.00253094719376
0.00570586335087
0.000435221476953
0.00292208593909
0.0222215524749
0.00322789581626
0.00582209009946
0.018745244826
0.00695508065034
0.0199568664194
0.0357356919345
0.00558250792934
0.0187765930088
0.0198613498321
0.0323325877525
0.0342814177524
0.0230234077628
0.00644514990102
0.00329925594121
0.00297528224046
0.00516406279924
0.0113235326554
0.0243549370447
0.00247269139214
0.00767072036169
0.0498798787301
0.0150400498824
0.00368124266167
0.00366706798167
0.00750694652586
0.028816733408
0.00553285493452
0.0455696214498
0.0821607165033
0.0124163975657
0.0183824914076
0.0205977212177
0.00452987640072
0.00517995590874
0.169039240858
0.0982187729113
0.00400856431537
0.05024769551
0.0847999563649
0.0331152482028
0.00872407228322
0.254416260939
0.0176808124562
0.00260019604746
0.0138576924687
0.0127363048309
0.00518714946499
0.00501244292777
0.00424098109226
0.00768778558144
0.011035593376
0.00953486561538
0.00380181397243
0.0108924693956
0.00966478101036
0.00817639381839
0.00775583265146
0.00811081942612
0.00711537445657
0.00260572321301
0.00305905440426
0.00168114808885
0.00519655139222
0.00173956575469
0.00575992377511
0.00805141885699
0.0385700602063
0.00193051614223
0.00168510573369
0.00515470487435
0.0006665186485
0.00475508879997
0.00215269295891
0.00338013500395
0.00213237522849
0.00195475963309
0.00317645956238
0.00311400689868
0.0150017559162
0.0107404231929
0.00486667233543
0.00142419177266
0.00195259647102
0.00388807365909
0.00329332665601
0.0019459434363
0.00475291443232
0.00435396044066
0.0048385312958
0.00826882104203
0.00416699353862
0.00168863517054
0.0127727451943
0.000668429790014
0.0234496712037
0.00254269379773
0.00983262551985
0.0181475006441
0.209019581353
0.0132323961346
0.513488046109
0.0655507944181
0.0224179630873
0.0651347927638
0.00155339118163
0.00316377685928
0.116579628847
0.00659375387616
0.00057541115295
0.00260073368658
0.00871218698234
0.00514804294423
0.00994452093779
0.0251490276127
0.00595198480364
0.00838294628068
0.086232972933
0.00330348389373
0.210674822473
0.00859493379495
0.280984473604
0.000689176825062
0.00840710822358
0.0297177567449
0.129320368091
0.00772889760947
0.00698789813694
0.00246712023561
0.00603124280258
0.0128873616081
0.0678643914951
0.0128059509276
0.0149056003032
0.0141086727131
0.00844970432639
0.00706039605864
0.00297856933192
0.0106582365814
0.00349955728557
0.00441730443691
0.0345047931786
0.00381937722846
0.0383675618061
0.109124784697
0.033996825759
0.00462207034364
0.04739885853
0.000871546214671
0.0532619561861
0.0402241543952
0.0211410383214
0.11312768323
0.292000787504
0.0409119784935
0.00515419199349
0.00587287535066
0.00164410939357
0.00563448510712
0.0139324790018
0.0121435801003
0.0220284914559
0.0202621879883
0.0117600682341
0.0089288804721
0.0523352607909
0.0051306796554
0.018429502571
0.00529961640443
0.0155024156608
0.00795086325994
0.0112232942964
0.0158748394298
0.00101838810837
0.00412913037124
0.00735299082652
0.00427198012034
0.0142643323862
0.000345882830748
0.0139680949963
0.00748611069326
0.0146149102452
0.00359127503032
0.0246309729483
0.00155048280503
0.00827770699155
0.00738156808359
0.0125556332169
0.00205615035903
0.0023163123649
0.0209050914244
0.0216240007846
0.00200889618869
0.0199334561069
0.0035844148495
0.00938186147493
0.0119734519135
0.0211314856326
0.0926460130649
0.0185462304591
0.0196750309279
0.00831271985805
0.00518045275227
0.00124759866869
0.0516487194727
0.000736202402324
0.000291213464659
0.0023087610598
0.0017388278776
0.00918491060702
0.00629676618042
0.0448199217497
0.00386197774949
0.00580775330047
0.00509900265015
0.0102649422787
0.0083052673518
0.0466433878906
0.00572855707203
0.00325973961615
0.00662309533361
0.00705939622359
0.010449804111
0.01596464758
0.00226365442121
0.0034023614548
0.00399362184738
0.0549707323986
0.00897106560322
0.0418305263446
0.00851880449252
0.00182763071067
0.432279017101
0.0439434333666
0.047978903005
0.0146046312753
0.00406178893236
0.0208310451196
0.108712644564
0.00506763625262
0.0176606740695
0.0495037144368
0.00965559089953
0.00758448590274
0.00177011475378
0.00289001182764
0.00151359513482
0.013349532618
0.00418865638627
0.0155939806633
0.00767539529256
0.0608689963611
0.00635177891862
0.0384173871656
0.019897752043
0.0156895328417
0.00806301285867
0.175591589918
0.0167874415399
0.0639416030242
0.0101512631272
0.0036429992024
0.0109134090114
0.0145291500588
0.00215161328857
0.00167239666538
0.00613016698316
0.553176549457
0.0597327651319
0.0368411461386
0.00363268874179
0.0019402526496
0.0629679863815
0.00772243343306
0.403148230141
0.0293159905716
0.0111725523782
0.059472915473
0.00899119335207
0.00110813075909
0.0213575642706
0.00934375278314
0.00533544932387
0.00859549579002
0.0505417931194
0.0789854215604
0.0040530398346
0.0185482135575
0.0449529006867
0.00283531184282
0.057287439364
0.00205210911772
0.00251727474266
0.00597087933903
0.0274581740237
0.0077368283415
0.0515998223658
0.00748266120817
0.00339516903868
0.00769288637499
0.00167242654335
0.00776629322813
0.001393364417
0.0027508348503
0.00535682400883
0.00635360242008
0.027237420544
0.0191045287634
0.912415508223
0.00982369259266
0.00983584414806
0.0121760435349
0.00699634579931
0.00909071853941
0.0271150937711
0.0194875300574
0.0112792354693
0.00865260392812
0.0151297353984
0.00390856378465
0.00945273607414
0.025550264832
0.014148308563
0.00354779819005
0.00284163221976
0.00418984342875
0.000714004052436
0.0154069292097
0.00495297082041
0.0049625113384
0.0077105047098
0.0180320558144
0.0118554779375
0.0206341234205
0.0031386166346
0.00324650917256
0.00464672691146
0.00374431909165
0.0112457811772
0.00238694237836
0.00657406127565
0.00610641597034
0.00685435679445
0.104767139473
0.0066438243701
0.00135500813695
0.00340173591078
0.00260844622803
