-0.999612104131
-0.999587841906
-0.999612104131
-0.999687424733
-0.999634426309
-0.999664839593
-0.999487898309
-0.999658241263
-0.99959821523
-0.998175336081
-0.99960947228
-0.999627252772
-0.999612104131
-0.999612104131
-0.999612104131
-0.999627863434
-0.999777628621
-0.999674006869
-0.999612104131
-0.999664253035
-0.999612104131
-0.999612104131
-0.994888029866
-0.999619000558
-0.999655778233
-0.99971834174
-0.999634426309
-0.999674006869
-0.999645749414
-0.999612104131
-0.999619000558
-0.99857528682
-0.999656351532
-0.999612104131
-0.999612104131
-0.999612104131
-0.999804304499
-0.99960089122
-0.999612104131
-0.999684450092
-0.99962544
-0.999803425615
-0.999631035242
-0.999641603696
-0.999615657627
-0.99960545788
-0.999601754171
-0.999602471609
-0.999625072005
-0.999650986132
-1.000450851
-0.999631335943
-0.999625852892
-0.999635249752
-0.999622536459
-0.999672726641
-0.999669815699
-0.999645901052
-0.999809253906
-0.999728602396
-0.999603331373
-0.999601754171
-0.999602471609
-0.999603373615
-0.999635249752
-0.999638227745
-0.999630290216
-0.999627816149
-0.999602684938
-0.999610926152
-0.999608071831
-0.999605988022
-0.999607739188
-0.999844461823
-0.999601061793
-0.999694985923
-0.999645901052
-0.999643034993
-0.999846887024
-0.999670628176
-0.999604592555
-0.999275827457
-0.999582854192
-0.999621066803
-0.999637168139
-0.999700264837
-0.999719839859
-0.999599025185
-0.999656335223
-0.999706115565
-0.999624876286
-0.999591143085
-0.999663024588
-0.999650816953
-0.999607593818
-0.999774543218
-0.999595945352
-0.999622212549
-0.999394841994
-0.99955320135
-0.999652703065
-0.999615367137
-0.999638795992
-0.999587414308
-0.999685524876
-0.999660067348
-0.999728090948
-0.999637934651
-0.999576780974
-0.999660388519
-0.999709094865
-0.999606017911
-0.999666727195
-0.999659984726
-0.999627855721
-0.999710385709
-0.999639295484
-0.999764069713
-0.999652587361
-0.999632688581
-0.999733080684
-0.999618446824
-0.999609175093
-0.999612104131
-0.999598137187
-0.999321689415
-0.999516380132
-0.999672975514
-0.999671369691
-0.999565204947
-0.999534268927
-0.999742015004
-0.999746590243
-0.999659820913
-0.999602087725
-0.999603379896
-0.99959963366
-0.999600078146
-0.999605236618
-0.999693022117
-0.999591166483
-0.999682870054
-0.999760484956
-0.999611980316
-0.999668581328
-0.999620373865
-0.999509932854
-0.999613370218
-0.999613370218
-0.999751487389
-0.999686351025
-0.999709944973
-0.999735217546
-0.99964857379
-0.999669384635
-0.999583200102
-0.999741721941
-0.999669386078
-0.999626802564
-0.999706304006
-0.999723299295
-0.999614718311
-0.999620735954
-0.999663049608
-0.999658980694
-0.99959228962
-0.999645980393
-0.999641175792
-0.999770637889
-0.999660431838
-0.999738858238
-0.999683714392
-0.999460956711
-0.999647976623
-0.999636254116
-0.999617127794
-0.999548358705
-0.999644286295
-0.999632427527
-1.000450851
-0.999599233487
-0.999708042773
-0.999598574301
-0.999809960841
-0.999597933283
-0.999593208069
-0.999689490184
-0.999635835904
-0.999606807391
-0.999631519187
-0.999740942757
-0.999749898772
-0.999716239182
-0.999637069526
-0.999642942795
-0.999604593773
-0.999698279119
-0.999630667232
-0.999697692487
-0.999653344041
-0.999633460429
-0.999745926183
-0.999633602783
-0.9996274469
-0.999602667095
-0.999602472013
-0.999987214975
-0.999606923258
-0.99960922348
-0.999601037312
-0.999604208565
-0.99960870149
-0.999638060931
-0.999640135898
-0.999682289687
-0.999632899464
-0.999663862346
-0.999536891883
-0.999732841091
-0.999604316282
-0.999718592141
-0.999616338202
-0.999706079714
-0.999655891976
-0.999756845056
-0.999645773006
-0.999718712499
-0.999634721905
-0.999656250971
-0.999589079226
-0.999793375063
-0.999615616938
-0.999605753037
-0.999621729413
